449
-5.93970 -54.40000 5.93970
-6.98435 -54.40000 4.66679
-7.76059 -54.40000 3.21454
-8.23860 -54.40000 1.63876
-8.40000 -54.40000 0.00000
-8.23860 -54.40000 -1.63876
-7.76059 -54.40000 -3.21454
-6.98435 -54.40000 -4.66679
-5.93970 -54.40000 -5.93970
-4.66679 -54.40000 -6.98434
-3.21454 -54.40000 -7.76059
-1.63876 -54.40000 -8.23860
0.00000 -54.40000 -8.40000
1.63876 -54.40000 -8.23860
3.21454 -54.40000 -7.76059
4.66679 -54.40000 -6.98434
5.93970 -54.40000 -5.93969
6.98435 -54.40000 -4.66679
7.76059 -54.40000 -3.21454
8.23860 -54.40000 -1.63875
8.40000 -54.40000 0.00001
8.23860 -54.40000 1.63877
7.76059 -54.40000 3.21455
6.98434 -54.40000 4.66680
5.93969 -54.40000 5.93970
4.66678 -54.40000 6.98435
3.21453 -54.40000 7.76059
1.63875 -54.40000 8.23860
-0.00001 -54.40000 8.40000
-1.63877 -54.40000 8.23859
-3.21455 -54.40000 7.76058
-4.66680 -54.40000 6.98434
-5.93971 12.40000 5.93969
-6.98435 12.40000 4.66678
-7.76059 12.40000 3.21453
-8.23860 12.40000 1.63874
-8.40000 12.40000 -0.00002
-8.23859 12.40000 -1.63878
-7.76058 12.40000 -3.21456
-6.98434 12.40000 -4.66680
-5.93969 12.40000 -5.93970
-4.66679 12.40000 -6.98435
-3.21454 12.40000 -7.76059
-1.63876 12.40000 -8.23860
-0.00000 12.40000 -8.40000
1.63875 12.40000 -8.23860
3.21453 12.40000 -7.76059
4.66678 12.40000 -6.98435
5.93968 12.40000 -5.93971
6.98433 12.40000 -4.66681
7.76058 12.40000 -3.21456
8.23859 12.40000 -1.63879
8.40000 12.40000 -0.00003
8.23860 12.40000 1.63873
7.76060 12.40000 3.21451
6.98437 12.40000 4.66676
5.93973 12.40000 5.93967
4.66683 12.40000 6.98432
3.21459 12.40000 7.76057
1.63881 12.40000 8.23859
0.00006 12.40000 8.40000
-1.63870 12.40000 8.23861
-3.21448 12.40000 7.76061
-4.66673 12.40000 6.98438
-0.00000 -54.40000 0.00000
-1.41421 -54.00000 1.41421
-1.66294 -54.00000 1.11114
-1.84776 -54.00000 0.76537
-1.96157 -54.00000 0.39018
-2.00000 -54.00000 0.00000
-1.96157 -54.00000 -0.39018
-1.84776 -54.00000 -0.76537
-1.66294 -54.00000 -1.11114
-1.41421 -54.00000 -1.41421
-1.11114 -54.00000 -1.66294
-0.76537 -54.00000 -1.84776
-0.39018 -54.00000 -1.96157
0.00000 -54.00000 -2.00000
0.39018 -54.00000 -1.96157
0.76537 -54.00000 -1.84776
1.11114 -54.00000 -1.66294
1.41421 -54.00000 -1.41421
1.66294 -54.00000 -1.11114
1.84776 -54.00000 -0.76537
1.96157 -54.00000 -0.39018
2.00000 -54.00000 0.00000
1.96157 -54.00000 0.39018
1.84776 -54.00000 0.76537
1.66294 -54.00000 1.11114
1.41421 -54.00000 1.41422
1.11114 -54.00000 1.66294
0.76536 -54.00000 1.84776
0.39018 -54.00000 1.96157
-0.00000 -54.00000 2.00000
-0.39018 -54.00000 1.96157
-0.76537 -54.00000 1.84776
-1.11114 -54.00000 1.66294
-1.41422 10.00000 1.41421
-1.66294 10.00000 1.11114
-1.84776 10.00000 0.76536
-1.96157 10.00000 0.39018
-2.00000 10.00000 -0.00000
-1.96157 10.00000 -0.39019
-1.84776 10.00000 -0.76537
-1.66294 10.00000 -1.11114
-1.41421 10.00000 -1.41422
-1.11114 10.00000 -1.66294
-0.76537 10.00000 -1.84776
-0.39018 10.00000 -1.96157
-0.00000 10.00000 -2.00000
0.39018 10.00000 -1.96157
0.76536 10.00000 -1.84776
1.11114 10.00000 -1.66294
1.41421 10.00000 -1.41422
1.66294 10.00000 -1.11114
1.84776 10.00000 -0.76537
1.96157 10.00000 -0.39019
2.00000 10.00000 -0.00001
1.96157 10.00000 0.39017
1.84776 10.00000 0.76536
1.66294 10.00000 1.11113
1.41422 10.00000 1.41421
1.11115 10.00000 1.66293
0.76538 10.00000 1.84775
0.39019 10.00000 1.96157
0.00001 10.00000 2.00000
-0.39017 10.00000 1.96157
-0.76535 10.00000 1.84777
-1.11113 10.00000 1.66295
-0.00000 -54.00000 0.00000
-0.00000 10.00000 0.00000
-8.00000 -11.00000 2.00000
-8.00000 -11.00000 -2.00000
-0.00000 -11.00000 0.00000
-0.00000 -12.00000 0.00000
-8.00000 -12.00000 -2.00000
-8.00000 -12.00000 2.00000
-6.13293 -10.00000 5.51245
-8.00551 -10.00000 1.97784
-0.00000 -10.00000 0.00000
-0.00000 -11.00000 0.00000
-8.00551 -11.00000 1.97784
-6.13293 -11.00000 5.51245
-2.83876 -9.00000 7.74219
-6.14817 -9.00000 5.49545
0.00000 -9.00000 0.00000
0.00000 -10.00000 0.00000
-6.14817 -10.00000 5.49545
-2.83876 -10.00000 7.74219
1.11598 -8.00000 8.17035
-2.86018 -8.00000 7.73430
0.00000 -8.00000 0.00000
0.00000 -9.00000 0.00000
-2.86018 -9.00000 7.73430
1.11598 -9.00000 8.17035
4.81103 -7.00000 6.69731
1.09335 -7.00000 8.17341
0.00000 -7.00000 0.00000
0.00000 -8.00000 0.00000
1.09335 -8.00000 8.17341
4.81103 -8.00000 6.69731
7.38658 -6.00000 3.66584
4.79247 -6.00000 6.71060
0.00000 -6.00000 -0.00000
0.00000 -7.00000 -0.00000
4.79247 -7.00000 6.71060
7.38658 -7.00000 3.66584
8.24331 -5.00000 -0.21865
7.37641 -5.00000 3.68627
0.00000 -5.00000 -0.00000
0.00000 -6.00000 -0.00000
7.37641 -6.00000 3.68627
8.24331 -6.00000 -0.21865
7.18186 -4.00000 -4.05227
8.24389 -4.00000 -0.19583
0.00000 -4.00000 -0.00000
0.00000 -5.00000 -0.00000
8.24389 -5.00000 -0.19583
7.18186 -5.00000 -4.05227
4.44922 -3.00000 -6.94294
7.19305 -3.00000 -4.03237
0.00000 -3.00000 -0.00000
0.00000 -4.00000 -0.00000
7.19305 -4.00000 -4.03237
4.44922 -4.00000 -6.94294
0.68128 -2.00000 -8.21802
4.46843 -2.00000 -6.93059
-0.00000 -2.00000 -0.00000
-0.00000 -3.00000 -0.00000
4.46843 -3.00000 -6.93059
0.68128 -3.00000 -8.21802
-3.24520 -1.00000 -7.58081
0.70402 -1.00000 -8.21610
-0.00000 -1.00000 -0.00000
-0.00000 -2.00000 -0.00000
0.70402 -2.00000 -8.21610
-3.24520 -2.00000 -7.58081
-6.41654 -0.00000 -5.17958
-3.22420 -0.00000 -7.58976
-0.00000 -0.00000 -0.00000
-0.00000 -1.00000 -0.00000
-3.22420 -1.00000 -7.58976
-6.41654 -1.00000 -5.17958
-8.09478 1.00000 -1.57308
-6.40217 1.00000 -5.19732
-0.00000 1.00000 0.00000
-0.00000 -0.00000 0.00000
-6.40217 -0.00000 -5.19732
-8.09478 -0.00000 -1.57308
-8.09478 -12.00000 -1.57308
-6.40217 -12.00000 -5.19732
-0.00000 -12.00000 0.00000
-0.00000 -13.00000 0.00000
-6.40217 -13.00000 -5.19732
-8.09478 -13.00000 -1.57308
-6.41654 -13.00000 -5.17958
-3.22420 -13.00000 -7.58976
-0.00000 -13.00000 -0.00000
-0.00000 -14.00000 -0.00000
-3.22420 -14.00000 -7.58976
-6.41654 -14.00000 -5.17958
-3.24520 -14.00000 -7.58081
0.70402 -14.00000 -8.21610
-0.00000 -14.00000 -0.00000
-0.00000 -15.00000 -0.00000
0.70402 -15.00000 -8.21610
-3.24520 -15.00000 -7.58081
0.68128 -15.00000 -8.21802
4.46843 -15.00000 -6.93059
-0.00000 -15.00000 -0.00000
-0.00000 -16.00000 -0.00000
4.46843 -16.00000 -6.93059
0.68128 -16.00000 -8.21802
4.44922 -16.00000 -6.94294
7.19305 -16.00000 -4.03237
0.00000 -16.00000 -0.00000
0.00000 -17.00000 -0.00000
7.19305 -17.00000 -4.03237
4.44922 -17.00000 -6.94294
7.18186 -17.00000 -4.05227
8.24389 -17.00000 -0.19583
0.00000 -17.00000 -0.00000
0.00000 -18.00000 -0.00000
8.24389 -18.00000 -0.19583
7.18186 -18.00000 -4.05227
8.24331 -18.00000 -0.21865
7.37641 -18.00000 3.68627
0.00000 -18.00000 -0.00000
0.00000 -19.00000 -0.00000
7.37641 -19.00000 3.68627
8.24331 -19.00000 -0.21865
7.38658 -19.00000 3.66584
4.79247 -19.00000 6.71060
0.00000 -19.00000 -0.00000
0.00000 -20.00000 -0.00000
4.79247 -20.00000 6.71060
7.38658 -20.00000 3.66584
4.81103 -20.00000 6.69731
1.09335 -20.00000 8.17341
0.00000 -20.00000 0.00000
0.00000 -21.00000 0.00000
1.09335 -21.00000 8.17341
4.81103 -21.00000 6.69731
1.11598 -21.00000 8.17035
-2.86018 -21.00000 7.73430
0.00000 -21.00000 0.00000
0.00000 -22.00000 0.00000
-2.86018 -22.00000 7.73430
1.11598 -22.00000 8.17035
-2.83876 -22.00000 7.74219
-6.14817 -22.00000 5.49545
0.00000 -22.00000 0.00000
0.00000 -23.00000 0.00000
-6.14817 -23.00000 5.49545
-2.83876 -23.00000 7.74219
-6.13293 -23.00000 5.51245
-8.00551 -23.00000 1.97784
-0.00000 -23.00000 0.00000
-0.00000 -24.00000 0.00000
-8.00551 -24.00000 1.97784
-6.13293 -24.00000 5.51245
-8.00000 -24.00000 2.00000
-8.00000 -24.00000 -2.00000
-0.00000 -24.00000 0.00000
-0.00000 -25.00000 0.00000
-8.00000 -25.00000 -2.00000
-8.00000 -25.00000 2.00000
-8.00000 -37.00000 2.00000
-8.00000 -37.00000 -2.00000
-0.00000 -37.00000 0.00000
-0.00000 -38.00000 0.00000
-8.00000 -38.00000 -2.00000
-8.00000 -38.00000 2.00000
-6.13293 -36.00000 5.51245
-8.00551 -36.00000 1.97784
-0.00000 -36.00000 0.00000
-0.00000 -37.00000 0.00000
-8.00551 -37.00000 1.97784
-6.13293 -37.00000 5.51245
-2.83876 -35.00000 7.74219
-6.14817 -35.00000 5.49545
0.00000 -35.00000 0.00000
0.00000 -36.00000 0.00000
-6.14817 -36.00000 5.49545
-2.83876 -36.00000 7.74219
1.11598 -34.00000 8.17035
-2.86018 -34.00000 7.73430
0.00000 -34.00000 0.00000
0.00000 -35.00000 0.00000
-2.86018 -35.00000 7.73430
1.11598 -35.00000 8.17035
4.81103 -33.00000 6.69731
1.09335 -33.00000 8.17341
0.00000 -33.00000 0.00000
0.00000 -34.00000 0.00000
1.09335 -34.00000 8.17341
4.81103 -34.00000 6.69731
7.38658 -32.00000 3.66584
4.79247 -32.00000 6.71060
0.00000 -32.00000 -0.00000
0.00000 -33.00000 -0.00000
4.79247 -33.00000 6.71060
7.38658 -33.00000 3.66584
8.24331 -31.00000 -0.21865
7.37641 -31.00000 3.68627
0.00000 -31.00000 -0.00000
0.00000 -32.00000 -0.00000
7.37641 -32.00000 3.68627
8.24331 -32.00000 -0.21865
7.18186 -30.00000 -4.05227
8.24389 -30.00000 -0.19583
0.00000 -30.00000 -0.00000
0.00000 -31.00000 -0.00000
8.24389 -31.00000 -0.19583
7.18186 -31.00000 -4.05227
4.44922 -29.00000 -6.94294
7.19305 -29.00000 -4.03237
0.00000 -29.00000 -0.00000
0.00000 -30.00000 -0.00000
7.19305 -30.00000 -4.03237
4.44922 -30.00000 -6.94294
0.68128 -28.00000 -8.21802
4.46843 -28.00000 -6.93059
-0.00000 -28.00000 -0.00000
-0.00000 -29.00000 -0.00000
4.46843 -29.00000 -6.93059
0.68128 -29.00000 -8.21802
-3.24520 -27.00000 -7.58081
0.70402 -27.00000 -8.21610
-0.00000 -27.00000 -0.00000
-0.00000 -28.00000 -0.00000
0.70402 -28.00000 -8.21610
-3.24520 -28.00000 -7.58081
-6.41654 -26.00000 -5.17958
-3.22420 -26.00000 -7.58976
-0.00000 -26.00000 -0.00000
-0.00000 -27.00000 -0.00000
-3.22420 -27.00000 -7.58976
-6.41654 -27.00000 -5.17958
-8.09478 -25.00000 -1.57308
-6.40217 -25.00000 -5.19732
-0.00000 -25.00000 0.00000
-0.00000 -26.00000 0.00000
-6.40217 -26.00000 -5.19732
-8.09478 -26.00000 -1.57308
-8.09478 -38.00000 -1.57308
-6.40217 -38.00000 -5.19732
-0.00000 -38.00000 0.00000
-0.00000 -39.00000 0.00000
-6.40217 -39.00000 -5.19732
-8.09478 -39.00000 -1.57308
-6.41654 -39.00000 -5.17958
-3.22420 -39.00000 -7.58976
-0.00000 -39.00000 -0.00000
-0.00000 -40.00000 -0.00000
-3.22420 -40.00000 -7.58976
-6.41654 -40.00000 -5.17958
-3.24520 -40.00000 -7.58081
0.70402 -40.00000 -8.21610
-0.00000 -40.00000 -0.00000
-0.00000 -41.00000 -0.00000
0.70402 -41.00000 -8.21610
-3.24520 -41.00000 -7.58081
0.68128 -41.00000 -8.21802
4.46843 -41.00000 -6.93059
-0.00000 -41.00000 -0.00000
-0.00000 -42.00000 -0.00000
4.46843 -42.00000 -6.93059
0.68128 -42.00000 -8.21802
4.44922 -42.00000 -6.94294
7.19305 -42.00000 -4.03237
0.00000 -42.00000 -0.00000
0.00000 -43.00000 -0.00000
7.19305 -43.00000 -4.03237
4.44922 -43.00000 -6.94294
7.18186 -43.00000 -4.05227
8.24389 -43.00000 -0.19583
0.00000 -43.00000 -0.00000
0.00000 -44.00000 -0.00000
8.24389 -44.00000 -0.19583
7.18186 -44.00000 -4.05227
8.24331 -44.00000 -0.21865
7.37641 -44.00000 3.68627
0.00000 -44.00000 -0.00000
0.00000 -45.00000 -0.00000
7.37641 -45.00000 3.68627
8.24331 -45.00000 -0.21865
7.38658 -45.00000 3.66584
4.79247 -45.00000 6.71060
0.00000 -45.00000 -0.00000
0.00000 -46.00000 -0.00000
4.79247 -46.00000 6.71060
7.38658 -46.00000 3.66584
4.81103 -46.00000 6.69731
1.09335 -46.00000 8.17341
0.00000 -46.00000 0.00000
0.00000 -47.00000 0.00000
1.09335 -47.00000 8.17341
4.81103 -47.00000 6.69731
1.11598 -47.00000 8.17035
-2.86018 -47.00000 7.73430
0.00000 -47.00000 0.00000
0.00000 -48.00000 0.00000
-2.86018 -48.00000 7.73430
1.11598 -48.00000 8.17035
-2.83876 -48.00000 7.74219
-6.14817 -48.00000 5.49545
0.00000 -48.00000 0.00000
0.00000 -49.00000 0.00000
-6.14817 -49.00000 5.49545
-2.83876 -49.00000 7.74219
-6.13293 -49.00000 5.51245
-8.00551 -49.00000 1.97784
-0.00000 -49.00000 0.00000
-0.00000 -50.00000 0.00000
-8.00551 -50.00000 1.97784
-6.13293 -50.00000 5.51245
-8.00000 -50.00000 2.00000
-8.00000 -50.00000 -2.00000
-0.00000 -50.00000 0.00000
-0.00000 -51.00000 0.00000
-8.00000 -51.00000 -2.00000
-8.00000 -51.00000 2.00000
-8.00000 -50.00000 2.00000
-8.00000 -50.00000 -2.00000
-0.00000 -50.00000 0.00000
-0.00000 -51.00000 0.00000
-8.00000 -51.00000 -2.00000
-8.00000 -51.00000 2.00000
-4.18962 -5.95386 4.18962
-4.92664 -5.95386 3.29186
-5.47422 -5.95386 2.26746
-5.81132 -5.95386 1.15591
-5.92514 -5.95386 0.00000
-5.81132 -5.95386 -1.15591
-5.47422 -5.95386 -2.26746
-4.92664 -5.95386 -3.29186
-4.18962 -5.95386 -4.18962
-3.29186 -5.95386 -4.92664
-2.26746 -5.95386 -5.47422
-1.15591 -5.95386 -5.81132
-0.00000 -5.95386 -5.92514
1.15591 -5.95386 -5.81132
2.26746 -5.95386 -5.47422
3.29186 -5.95386 -4.92664
4.18962 -5.95386 -4.18962
4.92664 -5.95386 -3.29186
5.47422 -5.95386 -2.26746
5.81132 -5.95386 -1.15591
5.92514 -5.95386 0.00000
5.81132 -5.95386 1.15591
5.47422 -5.95386 2.26746
4.92664 -5.95386 3.29186
4.18962 -5.95386 4.18962
3.29186 -5.95386 4.92664
2.26746 -5.95386 5.47422
1.15591 -5.95386 5.81132
-0.00000 -5.95386 5.92514
-1.15591 -5.95386 5.81132
-2.26746 -5.95386 5.47422
-3.29186 -5.95386 4.92664
-5.93950 0.00000 5.93950
-6.98415 0.00000 4.66670
-7.76039 0.00000 3.21444
-8.23850 0.00000 1.63862
-8.40000 0.00000 0.00000
-8.23850 0.00000 -1.63862
-7.76039 0.00000 -3.21444
-6.98415 0.00000 -4.66670
-5.93950 0.00000 -5.93950
-4.66670 0.00000 -6.98415
-3.21444 0.00000 -7.76039
-1.63862 0.00000 -8.23850
-0.00000 0.00000 -8.40000
1.63862 0.00000 -8.23850
3.21444 0.00000 -7.76039
4.66670 0.00000 -6.98415
5.93950 0.00000 -5.93950
6.98415 0.00000 -4.66670
7.76039 0.00000 -3.21444
8.23850 0.00000 -1.63862
8.40000 0.00000 0.00000
8.23850 0.00000 1.63862
7.76039 0.00000 3.21444
6.98415 0.00000 4.66670
5.93950 0.00000 5.93950
4.66670 0.00000 6.98415
3.21444 0.00000 7.76039
1.63862 0.00000 8.23850
-0.00000 0.00000 8.40000
-1.63862 0.00000 8.23850
-3.21444 0.00000 7.76039
-4.66670 0.00000 6.98415
-0.00000 -8.40000 0.00000
-4.18962 -5.95386 4.18962
-4.92664 -5.95386 3.29186
-5.47422 -5.95386 2.26746
-5.81132 -5.95386 1.15591
-5.92514 -5.95386 0.00000
-5.81132 -5.95386 -1.15591
-5.47422 -5.95386 -2.26746
-4.92664 -5.95386 -3.29186
-4.18962 -5.95386 -4.18962
-3.29186 -5.95386 -4.92664
-2.26746 -5.95386 -5.47422
-1.15591 -5.95386 -5.81132
-0.00000 -5.95386 -5.92514
1.15591 -5.95386 -5.81132
2.26746 -5.95386 -5.47422
3.29186 -5.95386 -4.92664
4.18962 -5.95386 -4.18962
4.92664 -5.95386 -3.29186
5.47422 -5.95386 -2.26746
5.81132 -5.95386 -1.15591
5.92514 -5.95386 0.00000
5.81132 -5.95386 1.15591
5.47422 -5.95386 2.26746
4.92664 -5.95386 3.29186
4.18962 -5.95386 4.18962
3.29186 -5.95386 4.92664
2.26746 -5.95386 5.47422
1.15591 -5.95386 5.81132
-0.00000 -5.95386 5.92514
-1.15591 -5.95386 5.81132
-2.26746 -5.95386 5.47422
-3.29186 -5.95386 4.92664
-4.18962 5.95386 4.18962
-4.92664 5.95386 3.29186
-5.47422 5.95386 2.26746
-5.81132 5.95386 1.15591
-5.92514 5.95386 0.00000
-5.81132 5.95386 -1.15591
-5.47422 5.95386 -2.26746
-4.92664 5.95386 -3.29186
-4.18962 5.95386 -4.18962
-3.29186 5.95386 -4.92664
-2.26746 5.95386 -5.47422
-1.15591 5.95386 -5.81132
-0.00000 5.95386 -5.92514
1.15591 5.95386 -5.81132
2.26746 5.95386 -5.47422
3.29186 5.95386 -4.92664
4.18962 5.95386 -4.18962
4.92664 5.95386 -3.29186
5.47422 5.95386 -2.26746
5.81132 5.95386 -1.15591
5.92514 5.95386 0.00000
5.81132 5.95386 1.15591
5.47422 5.95386 2.26746
4.92664 5.95386 3.29186
4.18962 5.95386 4.18962
3.29186 5.95386 4.92664
2.26746 5.95386 5.47422
1.15591 5.95386 5.81132
-0.00000 5.95386 5.92514
-1.15591 5.95386 5.81132
-2.26746 5.95386 5.47422
-3.29186 5.95386 4.92664
-0.00000 -8.40000 0.00000
-0.00000 8.40000 0.00000
4.01196 -5.29682 -5.13865
4.01196 -5.29682 5.13865
-3.66588 -7.55762 0.00000
-3.66588 7.55762 0.00000
4.01196 5.29682 5.13865
4.01196 5.29682 -5.13865
1.13950 -5.29682 -6.41889
5.95078 -5.29682 2.66251
-3.23931 -7.55762 1.71604
-3.23931 7.55762 1.71604
5.95078 5.29682 2.66251
1.13950 5.29682 -6.41889
-1.99778 -5.29682 -6.20560
6.50502 -5.29682 -0.43298
-2.05905 -7.55762 3.03294
-2.05905 7.55762 3.03294
6.50502 5.29682 -0.43298
-1.99778 5.29682 -6.20560
-4.67054 -5.29682 -4.54826
5.54523 -5.29682 -3.42799
-0.39940 -7.55762 3.64409
-0.39940 7.55762 3.64409
5.54523 5.29682 -3.42799
-4.67054 5.29682 -4.54826
-6.25636 -5.29682 -1.83243
3.29519 -5.29682 -5.62521
1.35279 -7.55762 3.40722
1.35279 7.55762 3.40722
3.29519 5.29682 -5.62521
-6.25636 5.29682 -1.83243
-6.38658 -5.29682 1.30946
0.27840 -5.29682 -6.51348
2.79043 -7.55762 2.37744
2.79043 7.55762 2.37744
0.27840 5.29682 -6.51348
-6.38658 5.29682 1.30946
-5.03046 -5.29682 4.14681
-2.80299 -5.29682 -5.88592
3.57872 -7.55762 0.79445
3.57872 7.55762 0.79445
-2.80299 5.29682 -5.88592
-5.03046 5.29682 4.14681
-2.50357 -5.29682 6.01948
-5.23247 -5.29682 -3.88891
3.53437 -7.55762 -0.97313
3.53437 7.55762 -0.97313
-5.23247 5.29682 -3.88891
-2.50357 5.29682 6.01948
0.60526 -5.29682 6.49118
-6.44426 -5.29682 -0.98671
2.66738 -7.55762 -2.51459
2.66738 7.55762 -2.51459
-6.44426 5.29682 -0.98671
0.60526 5.29682 6.49118
3.57385 -5.29682 5.45243
-6.15638 -5.29682 2.14467
1.17975 -7.55762 -3.47080
1.17975 7.55762 -3.47080
-6.15638 5.29682 2.14467
3.57385 5.29682 5.45243
5.71058 -5.29682 3.14497
-4.43623 -5.29682 4.77718
-0.58218 -7.55762 -3.61948
-0.58218 7.55762 -3.61948
-4.43623 5.29682 4.77718
5.71058 5.29682 3.14497
6.51861 -5.29682 0.10562
-1.68349 -5.29682 6.29814
-2.20876 -7.55762 -2.92579
-2.20876 7.55762 -2.92579
-1.68349 5.29682 6.29814
6.51861 5.29682 0.10562
5.80953 -5.29682 -2.95809
1.46071 -5.29682 6.35351
-3.32160 -7.55762 -1.55121
-3.32160 7.55762 -1.55121
1.46071 5.29682 6.35351
5.80953 5.29682 -2.95809
5.80953 -5.29682 -2.95809
1.46071 -5.29682 6.35351
-3.32160 -7.55762 -1.55121
-3.32160 7.55762 -1.55121
1.46071 5.29682 6.35351
5.80953 5.29682 -2.95809
6.51861 -5.29682 0.10562
-1.68349 -5.29682 6.29814
-2.20876 -7.55762 -2.92579
-2.20876 7.55762 -2.92579
-1.68349 5.29682 6.29814
6.51861 5.29682 0.10562
5.71058 -5.29682 3.14497
-4.43623 -5.29682 4.77718
-0.58218 -7.55762 -3.61948
-0.58218 7.55762 -3.61948
-4.43623 5.29682 4.77718
5.71058 5.29682 3.14497
3.57385 -5.29682 5.45243
-6.15638 -5.29682 2.14467
1.17975 -7.55762 -3.47080
1.17975 7.55762 -3.47080
-6.15638 5.29682 2.14467
3.57385 5.29682 5.45243
0.60526 -5.29682 6.49118
-6.44426 -5.29682 -0.98671
2.66738 -7.55762 -2.51459
2.66738 7.55762 -2.51459
-6.44426 5.29682 -0.98671
0.60526 5.29682 6.49118
-2.50357 -5.29682 6.01948
-5.23247 -5.29682 -3.88891
3.53437 -7.55762 -0.97313
3.53437 7.55762 -0.97313
-5.23247 5.29682 -3.88891
-2.50357 5.29682 6.01948
-5.03046 -5.29682 4.14681
-2.80299 -5.29682 -5.88592
3.57872 -7.55762 0.79445
3.57872 7.55762 0.79445
-2.80299 5.29682 -5.88592
-5.03046 5.29682 4.14681
-6.38658 -5.29682 1.30946
0.27840 -5.29682 -6.51348
2.79043 -7.55762 2.37744
2.79043 7.55762 2.37744
0.27840 5.29682 -6.51348
-6.38658 5.29682 1.30946
-6.25636 -5.29682 -1.83243
3.29519 -5.29682 -5.62521
1.35279 -7.55762 3.40722
1.35279 7.55762 3.40722
3.29519 5.29682 -5.62521
-6.25636 5.29682 -1.83243
-4.67054 -5.29682 -4.54826
5.54523 -5.29682 -3.42799
-0.39940 -7.55762 3.64409
-0.39940 7.55762 3.64409
5.54523 5.29682 -3.42799
-4.67054 5.29682 -4.54826
-1.99778 -5.29682 -6.20560
6.50502 -5.29682 -0.43298
-2.05905 -7.55762 3.03294
-2.05905 7.55762 3.03294
6.50502 5.29682 -0.43298
-1.99778 5.29682 -6.20560
1.13950 -5.29682 -6.41889
5.95078 -5.29682 2.66251
-3.23931 -7.55762 1.71604
-3.23931 7.55762 1.71604
5.95078 5.29682 2.66251
1.13950 5.29682 -6.41889
4.01196 -5.29682 -5.13865
4.01196 -5.29682 5.13865
-3.66588 -7.55762 0.00000
-3.66588 7.55762 0.00000
4.01196 5.29682 5.13865
4.01196 5.29682 -5.13865
4.01196 -5.29682 -5.13865
4.01196 -5.29682 5.13865
-3.66588 -7.55762 0.00000
-3.66588 7.55762 0.00000
4.01196 5.29682 5.13865
4.01196 5.29682 -5.13865
1.13950 -5.29682 -6.41889
5.95078 -5.29682 2.66251
-3.23931 -7.55762 1.71604
-3.23931 7.55762 1.71604
5.95078 5.29682 2.66251
1.13950 5.29682 -6.41889
-1.99778 -5.29682 -6.20560
6.50502 -5.29682 -0.43298
-2.05905 -7.55762 3.03294
-2.05905 7.55762 3.03294
6.50502 5.29682 -0.43298
-1.99778 5.29682 -6.20560
-4.67054 -5.29682 -4.54826
5.54523 -5.29682 -3.42799
-0.39940 -7.55762 3.64409
-0.39940 7.55762 3.64409
5.54523 5.29682 -3.42799
-4.67054 5.29682 -4.54826
-6.25636 -5.29682 -1.83243
3.29519 -5.29682 -5.62521
1.35279 -7.55762 3.40722
1.35279 7.55762 3.40722
3.29519 5.29682 -5.62521
-6.25636 5.29682 -1.83243
-6.38658 -5.29682 1.30946
0.27840 -5.29682 -6.51348
2.79043 -7.55762 2.37744
2.79043 7.55762 2.37744
0.27840 5.29682 -6.51348
-6.38658 5.29682 1.30946
-5.03046 -5.29682 4.14681
-2.80299 -5.29682 -5.88592
3.57872 -7.55762 0.79445
3.57872 7.55762 0.79445
-2.80299 5.29682 -5.88592
-5.03046 5.29682 4.14681
-2.50357 -5.29682 6.01948
-5.23247 -5.29682 -3.88891
3.53437 -7.55762 -0.97313
3.53437 7.55762 -0.97313
-5.23247 5.29682 -3.88891
-2.50357 5.29682 6.01948
0.60526 -5.29682 6.49118
-6.44426 -5.29682 -0.98671
2.66738 -7.55762 -2.51459
2.66738 7.55762 -2.51459
-6.44426 5.29682 -0.98671
0.60526 5.29682 6.49118
3.57385 -5.29682 5.45243
-6.15638 -5.29682 2.14467
1.17975 -7.55762 -3.47080
1.17975 7.55762 -3.47080
-6.15638 5.29682 2.14467
3.57385 5.29682 5.45243
5.71058 -5.29682 3.14497
-4.43623 -5.29682 4.77718
-0.58218 -7.55762 -3.61948
-0.58218 7.55762 -3.61948
-4.43623 5.29682 4.77718
5.71058 5.29682 3.14497
6.51861 -5.29682 0.10562
-1.68349 -5.29682 6.29814
-2.20876 -7.55762 -2.92579
-2.20876 7.55762 -2.92579
-1.68349 5.29682 6.29814
6.51861 5.29682 0.10562
5.80953 -5.29682 -2.95809
1.46071 -5.29682 6.35351
-3.32160 -7.55762 -1.55121
-3.32160 7.55762 -1.55121
1.46071 5.29682 6.35351
5.80953 5.29682 -2.95809
5.80953 -5.29682 -2.95809
1.46071 -5.29682 6.35351
-3.32160 -7.55762 -1.55121
-3.32160 7.55762 -1.55121
1.46071 5.29682 6.35351
5.80953 5.29682 -2.95809
6.51861 -5.29682 0.10562
-1.68349 -5.29682 6.29814
-2.20876 -7.55762 -2.92579
-2.20876 7.55762 -2.92579
-1.68349 5.29682 6.29814
6.51861 5.29682 0.10562
5.71058 -5.29682 3.14497
-4.43623 -5.29682 4.77718
-0.58218 -7.55762 -3.61948
-0.58218 7.55762 -3.61948
-4.43623 5.29682 4.77718
5.71058 5.29682 3.14497
3.57385 -5.29682 5.45243
-6.15638 -5.29682 2.14467
1.17975 -7.55762 -3.47080
1.17975 7.55762 -3.47080
-6.15638 5.29682 2.14467
3.57385 5.29682 5.45243
0.60526 -5.29682 6.49118
-6.44426 -5.29682 -0.98671
2.66738 -7.55762 -2.51459
2.66738 7.55762 -2.51459
-6.44426 5.29682 -0.98671
0.60526 5.29682 6.49118
-2.50357 -5.29682 6.01948
-5.23247 -5.29682 -3.88891
3.53437 -7.55762 -0.97313
3.53437 7.55762 -0.97313
-5.23247 5.29682 -3.88891
-2.50357 5.29682 6.01948
-5.03046 -5.29682 4.14681
-2.80299 -5.29682 -5.88592
3.57872 -7.55762 0.79445
3.57872 7.55762 0.79445
-2.80299 5.29682 -5.88592
-5.03046 5.29682 4.14681
-6.38658 -5.29682 1.30946
0.27840 -5.29682 -6.51348
2.79043 -7.55762 2.37744
2.79043 7.55762 2.37744
0.27840 5.29682 -6.51348
-6.38658 5.29682 1.30946
-6.25636 -5.29682 -1.83243
3.29519 -5.29682 -5.62521
1.35279 -7.55762 3.40722
1.35279 7.55762 3.40722
3.29519 5.29682 -5.62521
-6.25636 5.29682 -1.83243
-4.67054 -5.29682 -4.54826
5.54523 -5.29682 -3.42799
-0.39940 -7.55762 3.64409
-0.39940 7.55762 3.64409
5.54523 5.29682 -3.42799
-4.67054 5.29682 -4.54826
-1.99778 -5.29682 -6.20560
6.50502 -5.29682 -0.43298
-2.05905 -7.55762 3.03294
-2.05905 7.55762 3.03294
6.50502 5.29682 -0.43298
-1.99778 5.29682 -6.20560
1.13950 -5.29682 -6.41889
5.95078 -5.29682 2.66251
-3.23931 -7.55762 1.71604
-3.23931 7.55762 1.71604
5.95078 5.29682 2.66251
1.13950 5.29682 -6.41889
4.01196 -5.29682 -5.13865
4.01196 -5.29682 5.13865
-3.66588 -7.55762 0.00000
-3.66588 7.55762 0.00000
4.01196 5.29682 5.13865
4.01196 5.29682 -5.13865
4.01196 -5.29682 -5.13865
4.01196 -5.29682 5.13865
-3.66588 -7.55762 0.00000
-3.66588 7.55762 0.00000
4.01196 5.29682 5.13865
4.01196 5.29682 -5.13865
648
64 0 1
64 1 2
64 2 3
64 3 4
64 4 5
64 5 6
64 6 7
64 7 8
64 8 9
64 9 10
64 10 11
64 11 12
64 12 13
64 13 14
64 14 15
64 15 16
64 16 17
64 17 18
64 18 19
64 19 20
64 20 21
64 21 22
64 22 23
64 23 24
64 24 25
64 25 26
64 26 27
64 27 28
64 28 29
64 29 30
64 30 31
31 0 64
0 32 33
0 33 1
1 33 34
1 34 2
2 34 35
2 35 3
3 35 36
3 36 4
4 36 37
4 37 5
5 37 38
5 38 6
6 38 39
6 39 7
7 39 40
7 40 8
8 40 41
8 41 9
9 41 42
9 42 10
10 42 43
10 43 11
11 43 44
11 44 12
12 44 45
12 45 13
13 45 46
13 46 14
14 46 47
14 47 15
15 47 48
15 48 16
16 48 49
16 49 17
17 49 50
17 50 18
18 50 51
18 51 19
19 51 52
19 52 20
20 52 53
20 53 21
21 53 54
21 54 22
22 54 55
22 55 23
23 55 56
23 56 24
24 56 57
24 57 25
25 57 58
25 58 26
26 58 59
26 59 27
27 59 60
27 60 28
28 60 61
28 61 29
29 61 62
29 62 30
30 62 63
30 63 31
32 0 31
32 31 63
129 65 66
130 98 97
129 66 67
130 99 98
129 67 68
130 100 99
129 68 69
130 101 100
129 69 70
130 102 101
129 70 71
130 103 102
129 71 72
130 104 103
129 72 73
130 105 104
129 73 74
130 106 105
129 74 75
130 107 106
129 75 76
130 108 107
129 76 77
130 109 108
129 77 78
130 110 109
129 78 79
130 111 110
129 79 80
130 112 111
129 80 81
130 113 112
129 81 82
130 114 113
129 82 83
130 115 114
129 83 84
130 116 115
129 84 85
130 117 116
129 85 86
130 118 117
129 86 87
130 119 118
129 87 88
130 120 119
129 88 89
130 121 120
129 89 90
130 122 121
129 90 91
130 123 122
129 91 92
130 124 123
129 92 93
130 125 124
129 93 94
130 126 125
129 94 95
130 127 126
129 95 96
130 128 127
96 65 129
130 97 128
65 97 98
65 98 66
66 98 99
66 99 67
67 99 100
67 100 68
68 100 101
68 101 69
69 101 102
69 102 70
70 102 103
70 103 71
71 103 104
71 104 72
72 104 105
72 105 73
73 105 106
73 106 74
74 106 107
74 107 75
75 107 108
75 108 76
76 108 109
76 109 77
77 109 110
77 110 78
78 110 111
78 111 79
79 111 112
79 112 80
80 112 113
80 113 81
81 113 114
81 114 82
82 114 115
82 115 83
83 115 116
83 116 84
84 116 117
84 117 85
85 117 118
85 118 86
86 118 119
86 119 87
87 119 120
87 120 88
88 120 121
88 121 89
89 121 122
89 122 90
90 122 123
90 123 91
91 123 124
91 124 92
92 124 125
92 125 93
93 125 126
93 126 94
94 126 127
94 127 95
95 127 128
95 128 96
97 65 96
97 96 128
131 132 133
133 132 135
133 135 134
131 133 134
131 134 136
132 131 136
132 136 135
134 135 136
137 138 139
139 138 141
139 141 140
137 139 140
137 140 142
138 137 142
138 142 141
140 141 142
143 144 145
145 144 147
145 147 146
143 145 146
143 146 148
144 143 148
144 148 147
146 147 148
149 150 151
151 150 153
151 153 152
149 151 152
149 152 154
150 149 154
150 154 153
152 153 154
155 156 157
157 156 159
157 159 158
155 157 158
155 158 160
156 155 160
156 160 159
158 159 160
161 162 163
163 162 165
163 165 164
161 163 164
161 164 166
162 161 166
162 166 165
164 165 166
167 168 169
169 168 171
169 171 170
167 169 170
167 170 172
168 167 172
168 172 171
170 171 172
173 174 175
175 174 177
175 177 176
173 175 176
173 176 178
174 173 178
174 178 177
176 177 178
179 180 181
181 180 183
181 183 182
179 181 182
179 182 184
180 179 184
180 184 183
182 183 184
185 186 187
187 186 189
187 189 188
185 187 188
185 188 190
186 185 190
186 190 189
188 189 190
191 192 193
193 192 195
193 195 194
191 193 194
191 194 196
192 191 196
192 196 195
194 195 196
197 198 199
199 198 201
199 201 200
197 199 200
197 200 202
198 197 202
198 202 201
200 201 202
203 204 205
205 204 207
205 207 206
203 205 206
203 206 208
204 203 208
204 208 207
206 207 208
209 210 211
211 210 213
211 213 212
209 211 212
209 212 214
210 209 214
210 214 213
212 213 214
215 216 217
217 216 219
217 219 218
215 217 218
215 218 220
216 215 220
216 220 219
218 219 220
221 222 223
223 222 225
223 225 224
221 223 224
221 224 226
222 221 226
222 226 225
224 225 226
227 228 229
229 228 231
229 231 230
227 229 230
227 230 232
228 227 232
228 232 231
230 231 232
233 234 235
235 234 237
235 237 236
233 235 236
233 236 238
234 233 238
234 238 237
236 237 238
239 240 241
241 240 243
241 243 242
239 241 242
239 242 244
240 239 244
240 244 243
242 243 244
245 246 247
247 246 249
247 249 248
245 247 248
245 248 250
246 245 250
246 250 249
248 249 250
251 252 253
253 252 255
253 255 254
251 253 254
251 254 256
252 251 256
252 256 255
254 255 256
257 258 259
259 258 261
259 261 260
257 259 260
257 260 262
258 257 262
258 262 261
260 261 262
263 264 265
265 264 267
265 267 266
263 265 266
263 266 268
264 263 268
264 268 267
266 267 268
269 270 271
271 270 273
271 273 272
269 271 272
269 272 274
270 269 274
270 274 273
272 273 274
275 276 277
277 276 279
277 279 278
275 277 278
275 278 280
276 275 280
276 280 279
278 279 280
281 282 283
283 282 285
283 285 284
281 283 284
281 284 286
282 281 286
282 286 285
284 285 286
287 288 289
289 288 291
289 291 290
287 289 290
287 290 292
288 287 292
288 292 291
290 291 292
293 294 295
295 294 297
295 297 296
293 295 296
293 296 298
294 293 298
294 298 297
296 297 298
299 300 301
301 300 303
301 303 302
299 301 302
299 302 304
300 299 304
300 304 303
302 303 304
305 306 307
307 306 309
307 309 308
305 307 308
305 308 310
306 305 310
306 310 309
308 309 310
311 312 313
313 312 315
313 315 314
311 313 314
311 314 316
312 311 316
312 316 315
314 315 316
317 318 319
319 318 321
319 321 320
317 319 320
317 320 322
318 317 322
318 322 321
320 321 322
323 324 325
325 324 327
325 327 326
323 325 326
323 326 328
324 323 328
324 328 327
326 327 328
329 330 331
331 330 333
331 333 332
329 331 332
329 332 334
330 329 334
330 334 333
332 333 334
335 336 337
337 336 339
337 339 338
335 337 338
335 338 340
336 335 340
336 340 339
338 339 340
341 342 343
343 342 345
343 345 344
341 343 344
341 344 346
342 341 346
342 346 345
344 345 346
347 348 349
349 348 351
349 351 350
347 349 350
347 350 352
348 347 352
348 352 351
350 351 352
353 354 355
355 354 357
355 357 356
353 355 356
353 356 358
354 353 358
354 358 357
356 357 358
359 360 361
361 360 363
361 363 362
359 361 362
359 362 364
360 359 364
360 364 363
362 363 364
365 366 367
367 366 369
367 369 368
365 367 368
365 368 370
366 365 370
366 370 369
368 369 370
371 372 373
373 372 375
373 375 374
371 373 374
371 374 376
372 371 376
372 376 375
374 375 376
377 378 379
379 378 381
379 381 380
377 379 380
377 380 382
378 377 382
378 382 381
380 381 382
383 384 385
385 384 387
385 387 386
383 385 386
383 386 388
384 383 388
384 388 387
386 387 388
389 390 391
391 390 393
391 393 392
389 391 392
389 392 394
390 389 394
390 394 393
392 393 394
395 396 397
397 396 399
397 399 398
395 397 398
395 398 400
396 395 400
396 400 399
398 399 400
401 402 403
403 402 405
403 405 404
401 403 404
401 404 406
402 401 406
402 406 405
404 405 406
407 408 409
409 408 411
409 411 410
407 409 410
407 410 412
408 407 412
408 412 411
410 411 412
413 414 415
415 414 417
415 417 416
413 415 416
413 416 418
414 413 418
414 418 417
416 417 418
419 420 421
421 420 423
421 423 422
419 421 422
419 422 424
420 419 424
420 424 423
422 423 424
425 426 427
427 426 429
427 429 428
425 427 428
425 428 430
426 425 430
426 430 429
428 429 430
431 432 433
433 432 435
433 435 434
431 433 434
431 434 436
432 431 436
432 436 435
434 435 436
437 438 439
439 438 441
439 441 440
437 439 440
437 440 442
438 437 442
438 442 441
440 441 442
443 444 445
445 444 447
445 447 446
443 445 446
443 446 448
444 443 448
444 448 447
446 447 448
65
-51.93970 -53.40000 6.93970
-52.98434 -53.40000 5.66679
-53.76059 -53.40000 4.21454
-54.23860 -53.40000 2.63876
-54.40000 -53.40000 1.00000
-54.23860 -53.40000 -0.63876
-53.76059 -53.40000 -2.21454
-52.98434 -53.40000 -3.66679
-51.93970 -53.40000 -4.93970
-50.66679 -53.40000 -5.98434
-49.21454 -53.40000 -6.76059
-47.63876 -53.40000 -7.23860
-46.00000 -53.40000 -7.40000
-44.36124 -53.40000 -7.23860
-42.78546 -53.40000 -6.76059
-41.33321 -53.40000 -5.98434
-40.06030 -53.40000 -4.93969
-39.01565 -53.40000 -3.66679
-38.23941 -53.40000 -2.21454
-37.76140 -53.40000 -0.63875
-37.60000 -53.40000 1.00001
-37.76141 -53.40000 2.63877
-38.23941 -53.40000 4.21455
-39.01566 -53.40000 5.66680
-40.06031 -53.40000 6.93970
-41.33322 -53.40000 7.98435
-42.78547 -53.40000 8.76059
-44.36125 -53.40000 9.23860
-46.00001 -53.40000 9.40000
-47.63877 -53.40000 9.23859
-49.21455 -53.40000 8.76058
-50.66680 -53.40000 7.98434
-51.93971 13.40000 6.93969
-52.98436 13.40000 5.66678
-53.76059 13.40000 4.21453
-54.23860 13.40000 2.63874
-54.40000 13.40000 0.99998
-54.23859 13.40000 -0.63878
-53.76058 13.40000 -2.21456
-52.98434 13.40000 -3.66680
-51.93969 13.40000 -4.93970
-50.66679 13.40000 -5.98435
-49.21454 13.40000 -6.76059
-47.63876 13.40000 -7.23860
-46.00000 13.40000 -7.40000
-44.36125 13.40000 -7.23860
-42.78547 13.40000 -6.76059
-41.33322 13.40000 -5.98435
-40.06031 13.40000 -4.93971
-39.01567 13.40000 -3.66681
-38.23942 13.40000 -2.21456
-37.76141 13.40000 -0.63879
-37.60000 13.40000 0.99997
-37.76139 13.40000 2.63873
-38.23940 13.40000 4.21451
-39.01563 13.40000 5.66676
-40.06027 13.40000 6.93967
-41.33317 13.40000 7.98432
-42.78541 13.40000 8.76057
-44.36119 13.40000 9.23859
-45.99994 13.40000 9.40000
-47.63870 13.40000 9.23861
-49.21448 13.40000 8.76061
-50.66673 13.40000 7.98438
-46.00000 -53.40000 1.00000
-4.18962 -5.95386 4.18962
-4.92664 -5.95386 3.29186
-5.47422 -5.95386 2.26746
-5.81132 -5.95386 1.15591
-5.92514 -5.95386 0.00000
-5.81132 -5.95386 -1.15591
-5.47422 -5.95386 -2.26746
-4.92664 -5.95386 -3.29186
-4.18962 -5.95386 -4.18962
-3.29186 -5.95386 -4.92664
-2.26746 -5.95386 -5.47422
-1.15591 -5.95386 -5.81132
-0.00000 -5.95386 -5.92514
1.15591 -5.95386 -5.81132
2.26746 -5.95386 -5.47422
3.29186 -5.95386 -4.92664
4.18962 -5.95386 -4.18962
4.92664 -5.95386 -3.29186
5.47422 -5.95386 -2.26746
5.81132 -5.95386 -1.15591
5.92514 -5.95386 0.00000
5.81132 -5.95386 1.15591
5.47422 -5.95386 2.26746
4.92664 -5.95386 3.29186
4.18962 -5.95386 4.18962
3.29186 -5.95386 4.92664
2.26746 -5.95386 5.47422
1.15591 -5.95386 5.81132
-0.00000 -5.95386 5.92514
-1.15591 -5.95386 5.81132
-2.26746 -5.95386 5.47422
-3.29186 -5.95386 4.92664
-5.93950 0.00000 5.93950
-6.98415 0.00000 4.66670
-7.76039 0.00000 3.21444
-8.23850 0.00000 1.63862
-8.40000 0.00000 0.00000
-8.23850 0.00000 -1.63862
-7.76039 0.00000 -3.21444
-6.98415 0.00000 -4.66670
-5.93950 0.00000 -5.93950
-4.66670 0.00000 -6.98415
-3.21444 0.00000 -7.76039
-1.63862 0.00000 -8.23850
-0.00000 0.00000 -8.40000
1.63862 0.00000 -8.23850
3.21444 0.00000 -7.76039
4.66670 0.00000 -6.98415
5.93950 0.00000 -5.93950
6.98415 0.00000 -4.66670
7.76039 0.00000 -3.21444
8.23850 0.00000 -1.63862
8.40000 0.00000 0.00000
8.23850 0.00000 1.63862
7.76039 0.00000 3.21444
6.98415 0.00000 4.66670
5.93950 0.00000 5.93950
4.66670 0.00000 6.98415
3.21444 0.00000 7.76039
1.63862 0.00000 8.23850
-0.00000 0.00000 8.40000
-1.63862 0.00000 8.23850
-3.21444 0.00000 7.76039
-4.66670 0.00000 6.98415
-0.00000 -8.40000 0.00000
96
64 0 1
64 1 2
64 2 3
64 3 4
64 4 5
64 5 6
64 6 7
64 7 8
64 8 9
64 9 10
64 10 11
64 11 12
64 12 13
64 13 14
64 14 15
64 15 16
64 16 17
64 17 18
64 18 19
64 19 20
64 20 21
64 21 22
64 22 23
64 23 24
64 24 25
64 25 26
64 26 27
64 27 28
64 28 29
64 29 30
64 30 31
31 0 64
0 32 33
0 33 1
1 33 34
1 34 2
2 34 35
2 35 3
3 35 36
3 36 4
4 36 37
4 37 5
5 37 38
5 38 6
6 38 39
6 39 7
7 39 40
7 40 8
8 40 41
8 41 9
9 41 42
9 42 10
10 42 43
10 43 11
11 43 44
11 44 12
12 44 45
12 45 13
13 45 46
13 46 14
14 46 47
14 47 15
15 47 48
15 48 16
16 48 49
16 49 17
17 49 50
17 50 18
18 50 51
18 51 19
19 51 52
19 52 20
20 52 53
20 53 21
21 53 54
21 54 22
22 54 55
22 55 23
23 55 56
23 56 24
24 56 57
24 57 25
25 57 58
25 58 26
26 58 59
26 59 27
27 59 60
27 60 28
28 60 61
28 61 29
29 61 62
29 62 30
30 62 63
30 63 31
32 0 31
32 31 63
66
-47.41422 -53.00000 2.41421
-47.66294 -53.00000 2.11114
-47.84776 -53.00000 1.76537
-47.96157 -53.00000 1.39018
-48.00000 -53.00000 1.00000
-47.96157 -53.00000 0.60982
-47.84776 -53.00000 0.23463
-47.66294 -53.00000 -0.11114
-47.41422 -53.00000 -0.41421
-47.11114 -53.00000 -0.66294
-46.76537 -53.00000 -0.84776
-46.39018 -53.00000 -0.96157
-46.00000 -53.00000 -1.00000
-45.60982 -53.00000 -0.96157
-45.23463 -53.00000 -0.84776
-44.88886 -53.00000 -0.66294
-44.58578 -53.00000 -0.41421
-44.33706 -53.00000 -0.11114
-44.15224 -53.00000 0.23463
-44.03843 -53.00000 0.60982
-44.00000 -53.00000 1.00000
-44.03843 -53.00000 1.39018
-44.15224 -53.00000 1.76537
-44.33706 -53.00000 2.11114
-44.58579 -53.00000 2.41422
-44.88886 -53.00000 2.66294
-45.23463 -53.00000 2.84776
-45.60982 -53.00000 2.96157
-46.00000 -53.00000 3.00000
-46.39018 -53.00000 2.96157
-46.76537 -53.00000 2.84776
-47.11115 -53.00000 2.66294
-47.41422 11.00000 2.41421
-47.66294 11.00000 2.11114
-47.84776 11.00000 1.76536
-47.96157 11.00000 1.39018
-48.00000 11.00000 1.00000
-47.96157 11.00000 0.60981
-47.84776 11.00000 0.23463
-47.66294 11.00000 -0.11114
-47.41421 11.00000 -0.41422
-47.11114 11.00000 -0.66294
-46.76537 11.00000 -0.84776
-46.39018 11.00000 -0.96157
-46.00000 11.00000 -1.00000
-45.60982 11.00000 -0.96157
-45.23463 11.00000 -0.84776
-44.88886 11.00000 -0.66294
-44.58579 11.00000 -0.41422
-44.33706 11.00000 -0.11114
-44.15224 11.00000 0.23463
-44.03843 11.00000 0.60981
-44.00000 11.00000 0.99999
-44.03843 11.00000 1.39017
-44.15224 11.00000 1.76536
-44.33706 11.00000 2.11113
-44.58578 11.00000 2.41421
-44.88885 11.00000 2.66293
-45.23462 11.00000 2.84775
-45.60981 11.00000 2.96157
-45.99998 11.00000 3.00000
-46.39017 11.00000 2.96157
-46.76535 11.00000 2.84776
-47.11113 11.00000 2.66295
-46.00000 -53.00000 1.00000
-46.00000 11.00000 1.00000
-0.99753 -1.41758 0.99753
-1.17301 -1.41758 0.78378
-1.30338 -1.41758 0.53987
-1.38365 -1.41758 0.27522
-1.41075 -1.41758 0.00000
-1.38365 -1.41758 -0.27522
-1.30338 -1.41758 -0.53987
-1.17301 -1.41758 -0.78378
-0.99753 -1.41758 -0.99753
-0.78378 -1.41758 -1.17301
-0.53987 -1.41758 -1.30338
-0.27522 -1.41758 -1.38365
-0.00000 -1.41758 -1.41075
0.27522 -1.41758 -1.38365
0.53987 -1.41758 -1.30338
0.78378 -1.41758 -1.17301
0.99753 -1.41758 -0.99753
1.17301 -1.41758 -0.78378
1.30338 -1.41758 -0.53987
1.38365 -1.41758 -0.27522
1.41075 -1.41758 0.00000
1.38365 -1.41758 0.27522
1.30338 -1.41758 0.53987
1.17301 -1.41758 0.78378
0.99753 -1.41758 0.99753
0.78378 -1.41758 1.17301
0.53987 -1.41758 1.30338
0.27522 -1.41758 1.38365
-0.00000 -1.41758 1.41075
-0.27522 -1.41758 1.38365
-0.53987 -1.41758 1.30338
-0.78378 -1.41758 1.17301
-0.99753 1.41758 0.99753
-1.17301 1.41758 0.78378
-1.30338 1.41758 0.53987
-1.38365 1.41758 0.27522
-1.41075 1.41758 0.00000
-1.38365 1.41758 -0.27522
-1.30338 1.41758 -0.53987
-1.17301 1.41758 -0.78378
-0.99753 1.41758 -0.99753
-0.78378 1.41758 -1.17301
-0.53987 1.41758 -1.30338
-0.27522 1.41758 -1.38365
-0.00000 1.41758 -1.41075
0.27522 1.41758 -1.38365
0.53987 1.41758 -1.30338
0.78378 1.41758 -1.17301
0.99753 1.41758 -0.99753
1.17301 1.41758 -0.78378
1.30338 1.41758 -0.53987
1.38365 1.41758 -0.27522
1.41075 1.41758 0.00000
1.38365 1.41758 0.27522
1.30338 1.41758 0.53987
1.17301 1.41758 0.78378
0.99753 1.41758 0.99753
0.78378 1.41758 1.17301
0.53987 1.41758 1.30338
0.27522 1.41758 1.38365
-0.00000 1.41758 1.41075
-0.27522 1.41758 1.38365
-0.53987 1.41758 1.30338
-0.78378 1.41758 1.17301
-0.00000 -2.00000 0.00000
-0.00000 2.00000 0.00000
128
64 0 1
65 33 32
64 1 2
65 34 33
64 2 3
65 35 34
64 3 4
65 36 35
64 4 5
65 37 36
64 5 6
65 38 37
64 6 7
65 39 38
64 7 8
65 40 39
64 8 9
65 41 40
64 9 10
65 42 41
64 10 11
65 43 42
64 11 12
65 44 43
64 12 13
65 45 44
64 13 14
65 46 45
64 14 15
65 47 46
64 15 16
65 48 47
64 16 17
65 49 48
64 17 18
65 50 49
64 18 19
65 51 50
64 19 20
65 52 51
64 20 21
65 53 52
64 21 22
65 54 53
64 22 23
65 55 54
64 23 24
65 56 55
64 24 25
65 57 56
64 25 26
65 58 57
64 26 27
65 59 58
64 27 28
65 60 59
64 28 29
65 61 60
64 29 30
65 62 61
64 30 31
65 63 62
31 0 64
65 32 63
0 32 33
0 33 1
1 33 34
1 34 2
2 34 35
2 35 3
3 35 36
3 36 4
4 36 37
4 37 5
5 37 38
5 38 6
6 38 39
6 39 7
7 39 40
7 40 8
8 40 41
8 41 9
9 41 42
9 42 10
10 42 43
10 43 11
11 43 44
11 44 12
12 44 45
12 45 13
13 45 46
13 46 14
14 46 47
14 47 15
15 47 48
15 48 16
16 48 49
16 49 17
17 49 50
17 50 18
18 50 51
18 51 19
19 51 52
19 52 20
20 52 53
20 53 21
21 53 54
21 54 22
22 54 55
22 55 23
23 55 56
23 56 24
24 56 57
24 57 25
25 57 58
25 58 26
26 58 59
26 59 27
27 59 60
27 60 28
28 60 61
28 61 29
29 61 62
29 62 30
30 62 63
30 63 31
32 0 31
32 31 63
6
-54.00000 -10.00000 3.00000
-54.00000 -10.00000 -1.00000
-46.00000 -10.00000 1.00000
-46.00000 -11.00000 1.00000
-54.00000 -11.00000 -1.00000
-54.00000 -11.00000 3.00000
0.47761 -0.63057 -0.61174
0.47761 -0.63057 0.61174
-0.43641 -0.89972 0.00000
-0.43641 0.89972 0.00000
0.47761 0.63057 0.61174
0.47761 0.63057 -0.61174
8
0 1 2
2 1 4
2 4 3
0 2 3
0 3 5
1 0 5
1 5 4
3 4 5
6
-52.13293 -9.00000 6.51245
-54.00550 -9.00000 2.97784
-46.00000 -9.00000 1.00000
-46.00000 -10.00000 1.00000
-54.00550 -10.00000 2.97784
-52.13293 -10.00000 6.51245
0.13566 -0.63057 -0.76416
0.70843 -0.63057 0.31698
-0.38564 -0.89972 0.20430
-0.38564 0.89972 0.20430
0.70843 0.63057 0.31698
0.13566 0.63057 -0.76416
8
0 1 2
2 1 4
2 4 3
0 2 3
0 3 5
1 0 5
1 5 4
3 4 5
6
-48.83876 -8.00000 8.74219
-52.14817 -8.00000 6.49545
-46.00000 -8.00000 1.00000
-46.00000 -9.00000 1.00000
-52.14817 -9.00000 6.49545
-48.83876 -9.00000 8.74219
-0.23786 -0.63057 -0.73876
0.77440 -0.63057 -0.05155
-0.24513 -0.89972 0.36107
-0.24513 0.89972 0.36107
0.77440 0.63057 -0.05155
-0.23786 0.63057 -0.73876
8
0 1 2
2 1 4
2 4 3
0 2 3
0 3 5
1 0 5
1 5 4
3 4 5
6
-44.88402 -7.00000 9.17035
-48.86018 -7.00000 8.73430
-46.00000 -7.00000 1.00000
-46.00000 -8.00000 1.00000
-48.86018 -8.00000 8.73430
-44.88402 -8.00000 9.17035
-0.55603 -0.63057 -0.54146
0.66016 -0.63057 -0.40808
-0.04757 -0.89972 0.43381
-0.04757 0.89972 0.43381
0.66016 0.63057 -0.40808
-0.55603 0.63057 -0.54146
8
0 1 2
2 1 4
2 4 3
0 2 3
0 3 5
1 0 5
1 5 4
3 4 5
6
-41.18896 -6.00000 7.69731
-44.90665 -6.00000 9.17341
-46.00000 -6.00000 1.00000
-46.00000 -7.00000 1.00000
-44.90665 -7.00000 9.17341
-41.18896 -7.00000 7.69731
-0.74482 -0.63057 -0.21816
0.39232 -0.63057 -0.66965
0.16105 -0.89972 0.40561
0.16105 0.89972 0.40561
0.39232 0.63057 -0.66965
-0.74482 0.63057 -0.21816
8
0 1 2
2 1 4
2 4 3
0 2 3
0 3 5
1 0 5
1 5 4
3 4 5
6
-38.61341 -5.00000 4.66584
-41.20753 -5.00000 7.71060
-46.00000 -5.00000 1.00000
-46.00000 -6.00000 1.00000
-41.20753 -6.00000 7.71060
-38.61341 -6.00000 4.66584
-0.76029 -0.63057 0.15591
0.03318 -0.63057 -0.77540
0.33219 -0.89972 0.28303
0.33219 0.89972 0.28303
0.03318 0.63057 -0.77540
-0.76029 0.63057 0.15591
8
0 1 2
2 1 4
2 4 3
0 2 3
0 3 5
1 0 5
1 5 4
3 4 5
6
-37.75669 -4.00000 0.78135
-38.62359 -4.00000 4.68627
-46.00000 -4.00000 1.00000
-46.00000 -5.00000 1.00000
-38.62359 -5.00000 4.68627
-37.75669 -5.00000 0.78135
-0.59884 -0.63057 0.49369
-0.33368 -0.63057 -0.70072
0.42604 -0.89972 0.09458
0.42604 0.89972 0.09458
-0.33368 0.63057 -0.70072
-0.59884 0.63057 0.49369
8
0 1 2
2 1 4
2 4 3
0 2 3
0 3 5
1 0 5
1 5 4
3 4 5
6
-38.81814 -3.00000 -3.05227
-37.75611 -3.00000 0.80417
-46.00000 -3.00000 1.00000
-46.00000 -4.00000 1.00000
-37.75611 -4.00000 0.80417
-38.81814 -4.00000 -3.05227
-0.29805 -0.63057 0.71660
-0.62289 -0.63057 -0.46298
0.42075 -0.89972 -0.11587
0.42075 0.89972 -0.11587
-0.62289 0.63057 -0.46298
-0.29805 0.63057 0.71660
8
0 1 2
2 1 4
2 4 3
0 2 3
0 3 5
1 0 5
1 5 4
3 4 5
6
-41.55078 -2.00000 -5.94294
-38.80695 -2.00000 -3.03237
-46.00000 -2.00000 1.00000
-46.00000 -3.00000 1.00000
-38.80695 -3.00000 -3.03237
-41.55078 -3.00000 -5.94294
0.07210 -0.63057 0.77275
-0.76716 -0.63057 -0.11751
0.31755 -0.89972 -0.29936
0.31755 0.89972 -0.29936
-0.76716 0.63057 -0.11751
0.07210 0.63057 0.77275
8
0 1 2
2 1 4
2 4 3
0 2 3
0 3 5
1 0 5
1 5 4
3 4 5
6
-45.31873 -1.00000 -7.21802
-41.53157 -1.00000 -5.93059
-46.00000 -1.00000 1.00000
-46.00000 -2.00000 1.00000
-41.53157 -2.00000 -5.93059
-45.31873 -2.00000 -7.21802
0.42547 -0.63057 0.64909
-0.73292 -0.63057 0.25531
0.14046 -0.89972 -0.41319
0.14046 0.89972 -0.41319
-0.73292 0.63057 0.25531
0.42547 0.63057 0.64909
8
0 1 2
2 1 4
2 4 3
0 2 3
0 3 5
1 0 5
1 5 4
3 4 5
6
-49.24520 0.00000 -6.58081
-45.29597 0.00000 -7.21610
-46.00000 0.00000 1.00000
-46.00000 -1.00000 1.00000
-45.29597 -1.00000 -7.21610
-49.24520 -1.00000 -6.58081
0.67984 -0.63057 0.37439
-0.52812 -0.63057 0.56871
-0.06931 -0.89972 -0.43088
-0.06931 0.89972 -0.43088
-0.52812 0.63057 0.56871
0.67984 0.63057 0.37439
8
0 1 2
2 1 4
2 4 3
0 2 3
0 3 5
1 0 5
1 5 4
3 4 5
6
-52.41654 1.00000 -4.17958
-49.22421 1.00000 -6.58976
-46.00000 1.00000 1.00000
-46.00000 0.00000 1.00000
-49.22421 0.00000 -6.58976
-52.41654 0.00000 -4.17958
0.77601 -0.63057 0.01257
-0.20044 -0.63057 0.74978
-0.26296 -0.89972 -0.34830
-0.26296 0.89972 -0.34830
-0.20044 0.63057 0.74978
0.77601 0.63057 0.01257
8
0 1 2
2 1 4
2 4 3
0 2 3
0 3 5
1 0 5
1 5 4
3 4 5
6
-54.09478 2.00000 -0.57308
-52.40218 2.00000 -4.19732
-46.00000 2.00000 1.00000
-46.00000 1.00000 1.00000
-52.40218 1.00000 -4.19732
-54.09478 1.00000 -0.57308
0.69161 -0.63057 -0.35217
0.17389 -0.63057 0.75638
-0.39542 -0.89972 -0.18467
-0.39542 0.89972 -0.18467
0.17389 0.63057 0.75638
0.69161 0.63057 -0.35217
8
0 1 2
2 1 4
2 4 3
0 2 3
0 3 5
1 0 5
1 5 4
3 4 5
6
-54.09478 -11.00000 -0.57308
-52.40218 -11.00000 -4.19732
-46.00000 -11.00000 1.00000
-46.00000 -12.00000 1.00000
-52.40218 -12.00000 -4.19732
-54.09478 -12.00000 -0.57308
0.69161 -0.63057 -0.35217
0.17389 -0.63057 0.75638
-0.39542 -0.89972 -0.18467
-0.39542 0.89972 -0.18467
0.17389 0.63057 0.75638
0.69161 0.63057 -0.35217
8
0 1 2
2 1 4
2 4 3
0 2 3
0 3 5
1 0 5
1 5 4
3 4 5
6
-52.41654 -12.00000 -4.17958
-49.22421 -12.00000 -6.58976
-46.00000 -12.00000 1.00000
-46.00000 -13.00000 1.00000
-49.22421 -13.00000 -6.58976
-52.41654 -13.00000 -4.17958
0.77601 -0.63057 0.01257
-0.20044 -0.63057 0.74978
-0.26296 -0.89972 -0.34830
-0.26296 0.89972 -0.34830
-0.20044 0.63057 0.74978
0.77601 0.63057 0.01257
8
0 1 2
2 1 4
2 4 3
0 2 3
0 3 5
1 0 5
1 5 4
3 4 5
6
-49.24520 -13.00000 -6.58081
-45.29597 -13.00000 -7.21610
-46.00000 -13.00000 1.00000
-46.00000 -14.00000 1.00000
-45.29597 -14.00000 -7.21610
-49.24520 -14.00000 -6.58081
0.67984 -0.63057 0.37439
-0.52812 -0.63057 0.56871
-0.06931 -0.89972 -0.43088
-0.06931 0.89972 -0.43088
-0.52812 0.63057 0.56871
0.67984 0.63057 0.37439
8
0 1 2
2 1 4
2 4 3
0 2 3
0 3 5
1 0 5
1 5 4
3 4 5
6
-45.31873 -14.00000 -7.21802
-41.53157 -14.00000 -5.93059
-46.00000 -14.00000 1.00000
-46.00000 -15.00000 1.00000
-41.53157 -15.00000 -5.93059
-45.31873 -15.00000 -7.21802
0.42547 -0.63057 0.64909
-0.73292 -0.63057 0.25531
0.14046 -0.89972 -0.41319
0.14046 0.89972 -0.41319
-0.73292 0.63057 0.25531
0.42547 0.63057 0.64909
8
0 1 2
2 1 4
2 4 3
0 2 3
0 3 5
1 0 5
1 5 4
3 4 5
6
-41.55078 -15.00000 -5.94294
-38.80695 -15.00000 -3.03237
-46.00000 -15.00000 1.00000
-46.00000 -16.00000 1.00000
-38.80695 -16.00000 -3.03237
-41.55078 -16.00000 -5.94294
0.07210 -0.63057 0.77275
-0.76716 -0.63057 -0.11751
0.31755 -0.89972 -0.29936
0.31755 0.89972 -0.29936
-0.76716 0.63057 -0.11751
0.07210 0.63057 0.77275
8
0 1 2
2 1 4
2 4 3
0 2 3
0 3 5
1 0 5
1 5 4
3 4 5
6
-38.81814 -16.00000 -3.05227
-37.75611 -16.00000 0.80417
-46.00000 -16.00000 1.00000
-46.00000 -17.00000 1.00000
-37.75611 -17.00000 0.80417
-38.81814 -17.00000 -3.05227
-0.29805 -0.63057 0.71660
-0.62289 -0.63057 -0.46298
0.42075 -0.89972 -0.11587
0.42075 0.89972 -0.11587
-0.62289 0.63057 -0.46298
-0.29805 0.63057 0.71660
8
0 1 2
2 1 4
2 4 3
0 2 3
0 3 5
1 0 5
1 5 4
3 4 5
6
-37.75669 -17.00000 0.78135
-38.62359 -17.00000 4.68627
-46.00000 -17.00000 1.00000
-46.00000 -18.00000 1.00000
-38.62359 -18.00000 4.68627
-37.75669 -18.00000 0.78135
-0.59884 -0.63057 0.49369
-0.33368 -0.63057 -0.70072
0.42604 -0.89972 0.09458
0.42604 0.89972 0.09458
-0.33368 0.63057 -0.70072
-0.59884 0.63057 0.49369
8
0 1 2
2 1 4
2 4 3
0 2 3
0 3 5
1 0 5
1 5 4
3 4 5
6
-38.61341 -18.00000 4.66584
-41.20753 -18.00000 7.71060
-46.00000 -18.00000 1.00000
-46.00000 -19.00000 1.00000
-41.20753 -19.00000 7.71060
-38.61341 -19.00000 4.66584
-0.76029 -0.63057 0.15591
0.03318 -0.63057 -0.77540
0.33219 -0.89972 0.28303
0.33219 0.89972 0.28303
0.03318 0.63057 -0.77540
-0.76029 0.63057 0.15591
8
0 1 2
2 1 4
2 4 3
0 2 3
0 3 5
1 0 5
1 5 4
3 4 5
6
-41.18896 -19.00000 7.69731
-44.90665 -19.00000 9.17341
-46.00000 -19.00000 1.00000
-46.00000 -20.00000 1.00000
-44.90665 -20.00000 9.17341
-41.18896 -20.00000 7.69731
-0.74482 -0.63057 -0.21816
0.39232 -0.63057 -0.66965
0.16105 -0.89972 0.40561
0.16105 0.89972 0.40561
0.39232 0.63057 -0.66965
-0.74482 0.63057 -0.21816
8
0 1 2
2 1 4
2 4 3
0 2 3
0 3 5
1 0 5
1 5 4
3 4 5
6
-44.88402 -20.00000 9.17035
-48.86018 -20.00000 8.73430
-46.00000 -20.00000 1.00000
-46.00000 -21.00000 1.00000
-48.86018 -21.00000 8.73430
-44.88402 -21.00000 9.17035
-0.55603 -0.63057 -0.54146
0.66016 -0.63057 -0.40808
-0.04757 -0.89972 0.43381
-0.04757 0.89972 0.43381
0.66016 0.63057 -0.40808
-0.55603 0.63057 -0.54146
8
0 1 2
2 1 4
2 4 3
0 2 3
0 3 5
1 0 5
1 5 4
3 4 5
6
-48.83876 -21.00000 8.74219
-52.14817 -21.00000 6.49545
-46.00000 -21.00000 1.00000
-46.00000 -22.00000 1.00000
-52.14817 -22.00000 6.49545
-48.83876 -22.00000 8.74219
-0.23786 -0.63057 -0.73876
0.77440 -0.63057 -0.05155
-0.24513 -0.89972 0.36107
-0.24513 0.89972 0.36107
0.77440 0.63057 -0.05155
-0.23786 0.63057 -0.73876
8
0 1 2
2 1 4
2 4 3
0 2 3
0 3 5
1 0 5
1 5 4
3 4 5
6
-52.13293 -22.00000 6.51245
-54.00550 -22.00000 2.97784
-46.00000 -22.00000 1.00000
-46.00000 -23.00000 1.00000
-54.00550 -23.00000 2.97784
-52.13293 -23.00000 6.51245
0.13566 -0.63057 -0.76416
0.70843 -0.63057 0.31698
-0.38564 -0.89972 0.20430
-0.38564 0.89972 0.20430
0.70843 0.63057 0.31698
0.13566 0.63057 -0.76416
8
0 1 2
2 1 4
2 4 3
0 2 3
0 3 5
1 0 5
1 5 4
3 4 5
6
-54.00000 -23.00000 3.00000
-54.00000 -23.00000 -1.00000
-46.00000 -23.00000 1.00000
-46.00000 -24.00000 1.00000
-54.00000 -24.00000 -1.00000
-54.00000 -24.00000 3.00000
0.47761 -0.63057 -0.61174
0.47761 -0.63057 0.61174
-0.43641 -0.89972 0.00000
-0.43641 0.89972 0.00000
0.47761 0.63057 0.61174
0.47761 0.63057 -0.61174
8
0 1 2
2 1 4
2 4 3
0 2 3
0 3 5
1 0 5
1 5 4
3 4 5
6
-54.00000 -36.00000 3.00000
-54.00000 -36.00000 -1.00000
-46.00000 -36.00000 1.00000
-46.00000 -37.00000 1.00000
-54.00000 -37.00000 -1.00000
-54.00000 -37.00000 3.00000
0.47761 -0.63057 -0.61174
0.47761 -0.63057 0.61174
-0.43641 -0.89972 0.00000
-0.43641 0.89972 0.00000
0.47761 0.63057 0.61174
0.47761 0.63057 -0.61174
8
0 1 2
2 1 4
2 4 3
0 2 3
0 3 5
1 0 5
1 5 4
3 4 5
6
-52.13293 -35.00000 6.51245
-54.00550 -35.00000 2.97784
-46.00000 -35.00000 1.00000
-46.00000 -36.00000 1.00000
-54.00550 -36.00000 2.97784
-52.13293 -36.00000 6.51245
0.13566 -0.63057 -0.76416
0.70843 -0.63057 0.31698
-0.38564 -0.89972 0.20430
-0.38564 0.89972 0.20430
0.70843 0.63057 0.31698
0.13566 0.63057 -0.76416
8
0 1 2
2 1 4
2 4 3
0 2 3
0 3 5
1 0 5
1 5 4
3 4 5
6
-48.83876 -34.00000 8.74219
-52.14817 -34.00000 6.49545
-46.00000 -34.00000 1.00000
-46.00000 -35.00000 1.00000
-52.14817 -35.00000 6.49545
-48.83876 -35.00000 8.74219
-0.23786 -0.63057 -0.73876
0.77440 -0.63057 -0.05155
-0.24513 -0.89972 0.36107
-0.24513 0.89972 0.36107
0.77440 0.63057 -0.05155
-0.23786 0.63057 -0.73876
8
0 1 2
2 1 4
2 4 3
0 2 3
0 3 5
1 0 5
1 5 4
3 4 5
6
-44.88402 -33.00000 9.17035
-48.86018 -33.00000 8.73430
-46.00000 -33.00000 1.00000
-46.00000 -34.00000 1.00000
-48.86018 -34.00000 8.73430
-44.88402 -34.00000 9.17035
-0.55603 -0.63057 -0.54146
0.66016 -0.63057 -0.40808
-0.04757 -0.89972 0.43381
-0.04757 0.89972 0.43381
0.66016 0.63057 -0.40808
-0.55603 0.63057 -0.54146
8
0 1 2
2 1 4
2 4 3
0 2 3
0 3 5
1 0 5
1 5 4
3 4 5
6
-41.18896 -32.00000 7.69731
-44.90665 -32.00000 9.17341
-46.00000 -32.00000 1.00000
-46.00000 -33.00000 1.00000
-44.90665 -33.00000 9.17341
-41.18896 -33.00000 7.69731
-0.74482 -0.63057 -0.21816
0.39232 -0.63057 -0.66965
0.16105 -0.89972 0.40561
0.16105 0.89972 0.40561
0.39232 0.63057 -0.66965
-0.74482 0.63057 -0.21816
8
0 1 2
2 1 4
2 4 3
0 2 3
0 3 5
1 0 5
1 5 4
3 4 5
6
-38.61341 -31.00000 4.66584
-41.20753 -31.00000 7.71060
-46.00000 -31.00000 1.00000
-46.00000 -32.00000 1.00000
-41.20753 -32.00000 7.71060
-38.61341 -32.00000 4.66584
-0.76029 -0.63057 0.15591
0.03318 -0.63057 -0.77540
0.33219 -0.89972 0.28303
0.33219 0.89972 0.28303
0.03318 0.63057 -0.77540
-0.76029 0.63057 0.15591
8
0 1 2
2 1 4
2 4 3
0 2 3
0 3 5
1 0 5
1 5 4
3 4 5
6
-37.75669 -30.00000 0.78135
-38.62359 -30.00000 4.68627
-46.00000 -30.00000 1.00000
-46.00000 -31.00000 1.00000
-38.62359 -31.00000 4.68627
-37.75669 -31.00000 0.78135
-0.59884 -0.63057 0.49369
-0.33368 -0.63057 -0.70072
0.42604 -0.89972 0.09458
0.42604 0.89972 0.09458
-0.33368 0.63057 -0.70072
-0.59884 0.63057 0.49369
8
0 1 2
2 1 4
2 4 3
0 2 3
0 3 5
1 0 5
1 5 4
3 4 5
6
-38.81814 -29.00000 -3.05227
-37.75611 -29.00000 0.80417
-46.00000 -29.00000 1.00000
-46.00000 -30.00000 1.00000
-37.75611 -30.00000 0.80417
-38.81814 -30.00000 -3.05227
-0.29805 -0.63057 0.71660
-0.62289 -0.63057 -0.46298
0.42075 -0.89972 -0.11587
0.42075 0.89972 -0.11587
-0.62289 0.63057 -0.46298
-0.29805 0.63057 0.71660
8
0 1 2
2 1 4
2 4 3
0 2 3
0 3 5
1 0 5
1 5 4
3 4 5
6
-41.55078 -28.00000 -5.94294
-38.80695 -28.00000 -3.03237
-46.00000 -28.00000 1.00000
-46.00000 -29.00000 1.00000
-38.80695 -29.00000 -3.03237
-41.55078 -29.00000 -5.94294
0.07210 -0.63057 0.77275
-0.76716 -0.63057 -0.11751
0.31755 -0.89972 -0.29936
0.31755 0.89972 -0.29936
-0.76716 0.63057 -0.11751
0.07210 0.63057 0.77275
8
0 1 2
2 1 4
2 4 3
0 2 3
0 3 5
1 0 5
1 5 4
3 4 5
6
-45.31873 -27.00000 -7.21802
-41.53157 -27.00000 -5.93059
-46.00000 -27.00000 1.00000
-46.00000 -28.00000 1.00000
-41.53157 -28.00000 -5.93059
-45.31873 -28.00000 -7.21802
0.42547 -0.63057 0.64909
-0.73292 -0.63057 0.25531
0.14046 -0.89972 -0.41319
0.14046 0.89972 -0.41319
-0.73292 0.63057 0.25531
0.42547 0.63057 0.64909
8
0 1 2
2 1 4
2 4 3
0 2 3
0 3 5
1 0 5
1 5 4
3 4 5
6
-49.24520 -26.00000 -6.58081
-45.29597 -26.00000 -7.21610
-46.00000 -26.00000 1.00000
-46.00000 -27.00000 1.00000
-45.29597 -27.00000 -7.21610
-49.24520 -27.00000 -6.58081
0.67984 -0.63057 0.37439
-0.52812 -0.63057 0.56871
-0.06931 -0.89972 -0.43088
-0.06931 0.89972 -0.43088
-0.52812 0.63057 0.56871
0.67984 0.63057 0.37439
8
0 1 2
2 1 4
2 4 3
0 2 3
0 3 5
1 0 5
1 5 4
3 4 5
6
-52.41654 -25.00000 -4.17958
-49.22421 -25.00000 -6.58976
-46.00000 -25.00000 1.00000
-46.00000 -26.00000 1.00000
-49.22421 -26.00000 -6.58976
-52.41654 -26.00000 -4.17958
0.77601 -0.63057 0.01257
-0.20044 -0.63057 0.74978
-0.26296 -0.89972 -0.34830
-0.26296 0.89972 -0.34830
-0.20044 0.63057 0.74978
0.77601 0.63057 0.01257
8
0 1 2
2 1 4
2 4 3
0 2 3
0 3 5
1 0 5
1 5 4
3 4 5
6
-54.09478 -24.00000 -0.57308
-52.40218 -24.00000 -4.19732
-46.00000 -24.00000 1.00000
-46.00000 -25.00000 1.00000
-52.40218 -25.00000 -4.19732
-54.09478 -25.00000 -0.57308
0.69161 -0.63057 -0.35217
0.17389 -0.63057 0.75638
-0.39542 -0.89972 -0.18467
-0.39542 0.89972 -0.18467
0.17389 0.63057 0.75638
0.69161 0.63057 -0.35217
8
0 1 2
2 1 4
2 4 3
0 2 3
0 3 5
1 0 5
1 5 4
3 4 5
6
-54.09478 -37.00000 -0.57308
-52.40218 -37.00000 -4.19732
-46.00000 -37.00000 1.00000
-46.00000 -38.00000 1.00000
-52.40218 -38.00000 -4.19732
-54.09478 -38.00000 -0.57308
0.69161 -0.63057 -0.35217
0.17389 -0.63057 0.75638
-0.39542 -0.89972 -0.18467
-0.39542 0.89972 -0.18467
0.17389 0.63057 0.75638
0.69161 0.63057 -0.35217
8
0 1 2
2 1 4
2 4 3
0 2 3
0 3 5
1 0 5
1 5 4
3 4 5
6
-52.41654 -38.00000 -4.17958
-49.22421 -38.00000 -6.58976
-46.00000 -38.00000 1.00000
-46.00000 -39.00000 1.00000
-49.22421 -39.00000 -6.58976
-52.41654 -39.00000 -4.17958
0.77601 -0.63057 0.01257
-0.20044 -0.63057 0.74978
-0.26296 -0.89972 -0.34830
-0.26296 0.89972 -0.34830
-0.20044 0.63057 0.74978
0.77601 0.63057 0.01257
8
0 1 2
2 1 4
2 4 3
0 2 3
0 3 5
1 0 5
1 5 4
3 4 5
6
-49.24520 -39.00000 -6.58081
-45.29597 -39.00000 -7.21610
-46.00000 -39.00000 1.00000
-46.00000 -40.00000 1.00000
-45.29597 -40.00000 -7.21610
-49.24520 -40.00000 -6.58081
0.67984 -0.63057 0.37439
-0.52812 -0.63057 0.56871
-0.06931 -0.89972 -0.43088
-0.06931 0.89972 -0.43088
-0.52812 0.63057 0.56871
0.67984 0.63057 0.37439
8
0 1 2
2 1 4
2 4 3
0 2 3
0 3 5
1 0 5
1 5 4
3 4 5
6
-45.31873 -40.00000 -7.21802
-41.53157 -40.00000 -5.93059
-46.00000 -40.00000 1.00000
-46.00000 -41.00000 1.00000
-41.53157 -41.00000 -5.93059
-45.31873 -41.00000 -7.21802
0.42547 -0.63057 0.64909
-0.73292 -0.63057 0.25531
0.14046 -0.89972 -0.41319
0.14046 0.89972 -0.41319
-0.73292 0.63057 0.25531
0.42547 0.63057 0.64909
8
0 1 2
2 1 4
2 4 3
0 2 3
0 3 5
1 0 5
1 5 4
3 4 5
6
-41.55078 -41.00000 -5.94294
-38.80695 -41.00000 -3.03237
-46.00000 -41.00000 1.00000
-46.00000 -42.00000 1.00000
-38.80695 -42.00000 -3.03237
-41.55078 -42.00000 -5.94294
0.07210 -0.63057 0.77275
-0.76716 -0.63057 -0.11751
0.31755 -0.89972 -0.29936
0.31755 0.89972 -0.29936
-0.76716 0.63057 -0.11751
0.07210 0.63057 0.77275
8
0 1 2
2 1 4
2 4 3
0 2 3
0 3 5
1 0 5
1 5 4
3 4 5
6
-38.81814 -42.00000 -3.05227
-37.75611 -42.00000 0.80417
-46.00000 -42.00000 1.00000
-46.00000 -43.00000 1.00000
-37.75611 -43.00000 0.80417
-38.81814 -43.00000 -3.05227
-0.29805 -0.63057 0.71660
-0.62289 -0.63057 -0.46298
0.42075 -0.89972 -0.11587
0.42075 0.89972 -0.11587
-0.62289 0.63057 -0.46298
-0.29805 0.63057 0.71660
8
0 1 2
2 1 4
2 4 3
0 2 3
0 3 5
1 0 5
1 5 4
3 4 5
6
-37.75669 -43.00000 0.78135
-38.62359 -43.00000 4.68627
-46.00000 -43.00000 1.00000
-46.00000 -44.00000 1.00000
-38.62359 -44.00000 4.68627
-37.75669 -44.00000 0.78135
-0.59884 -0.63057 0.49369
-0.33368 -0.63057 -0.70072
0.42604 -0.89972 0.09458
0.42604 0.89972 0.09458
-0.33368 0.63057 -0.70072
-0.59884 0.63057 0.49369
8
0 1 2
2 1 4
2 4 3
0 2 3
0 3 5
1 0 5
1 5 4
3 4 5
6
-38.61341 -44.00000 4.66584
-41.20753 -44.00000 7.71060
-46.00000 -44.00000 1.00000
-46.00000 -45.00000 1.00000
-41.20753 -45.00000 7.71060
-38.61341 -45.00000 4.66584
-0.76029 -0.63057 0.15591
0.03318 -0.63057 -0.77540
0.33219 -0.89972 0.28303
0.33219 0.89972 0.28303
0.03318 0.63057 -0.77540
-0.76029 0.63057 0.15591
8
0 1 2
2 1 4
2 4 3
0 2 3
0 3 5
1 0 5
1 5 4
3 4 5
6
-41.18896 -45.00000 7.69731
-44.90665 -45.00000 9.17341
-46.00000 -45.00000 1.00000
-46.00000 -46.00000 1.00000
-44.90665 -46.00000 9.17341
-41.18896 -46.00000 7.69731
-0.74482 -0.63057 -0.21816
0.39232 -0.63057 -0.66965
0.16105 -0.89972 0.40561
0.16105 0.89972 0.40561
0.39232 0.63057 -0.66965
-0.74482 0.63057 -0.21816
8
0 1 2
2 1 4
2 4 3
0 2 3
0 3 5
1 0 5
1 5 4
3 4 5
6
-44.88402 -46.00000 9.17035
-48.86018 -46.00000 8.73430
-46.00000 -46.00000 1.00000
-46.00000 -47.00000 1.00000
-48.86018 -47.00000 8.73430
-44.88402 -47.00000 9.17035
-0.55603 -0.63057 -0.54146
0.66016 -0.63057 -0.40808
-0.04757 -0.89972 0.43381
-0.04757 0.89972 0.43381
0.66016 0.63057 -0.40808
-0.55603 0.63057 -0.54146
8
0 1 2
2 1 4
2 4 3
0 2 3
0 3 5
1 0 5
1 5 4
3 4 5
6
-48.83876 -47.00000 8.74219
-52.14817 -47.00000 6.49545
-46.00000 -47.00000 1.00000
-46.00000 -48.00000 1.00000
-52.14817 -48.00000 6.49545
-48.83876 -48.00000 8.74219
-0.23786 -0.63057 -0.73876
0.77440 -0.63057 -0.05155
-0.24513 -0.89972 0.36107
-0.24513 0.89972 0.36107
0.77440 0.63057 -0.05155
-0.23786 0.63057 -0.73876
8
0 1 2
2 1 4
2 4 3
0 2 3
0 3 5
1 0 5
1 5 4
3 4 5
6
-52.13293 -48.00000 6.51245
-54.00550 -48.00000 2.97784
-46.00000 -48.00000 1.00000
-46.00000 -49.00000 1.00000
-54.00550 -49.00000 2.97784
-52.13293 -49.00000 6.51245
0.13566 -0.63057 -0.76416
0.70843 -0.63057 0.31698
-0.38564 -0.89972 0.20430
-0.38564 0.89972 0.20430
0.70843 0.63057 0.31698
0.13566 0.63057 -0.76416
8
0 1 2
2 1 4
2 4 3
0 2 3
0 3 5
1 0 5
1 5 4
3 4 5
6
-54.00000 -49.00000 3.00000
-54.00000 -49.00000 -1.00000
-46.00000 -49.00000 1.00000
-46.00000 -50.00000 1.00000
-54.00000 -50.00000 -1.00000
-54.00000 -50.00000 3.00000
0.47761 -0.63057 -0.61174
0.47761 -0.63057 0.61174
-0.43641 -0.89972 0.00000
-0.43641 0.89972 0.00000
0.47761 0.63057 0.61174
0.47761 0.63057 -0.61174
8
0 1 2
2 1 4
2 4 3
0 2 3
0 3 5
1 0 5
1 5 4
3 4 5
6
-54.00000 -49.00000 3.00000
-54.00000 -49.00000 -1.00000
-46.00000 -49.00000 1.00000
-46.00000 -50.00000 1.00000
-54.00000 -50.00000 -1.00000
-54.00000 -50.00000 3.00000
0.47761 -0.63057 -0.61174
0.47761 -0.63057 0.61174
-0.43641 -0.89972 0.00000
-0.43641 0.89972 0.00000
0.47761 0.63057 0.61174
0.47761 0.63057 -0.61174
8
0 1 2
2 1 4
2 4 3
0 2 3
0 3 5
1 0 5
1 5 4
3 4 5
