289
-41.70000 1.29380 41.70000
-41.70000 0.00000 -41.70000
41.70000 0.00000 -41.70000
41.69999 0.00000 41.70001
0.00000 -0.16333 -41.70000
-41.70000 0.10911 -0.00000
-0.00000 -0.87012 41.70000
41.70000 0.00000 0.00001
-0.00000 -11.81689 0.00000
-20.85000 0.00000 -41.70000
20.85000 0.00000 -41.70000
-41.70000 2.49135 20.85000
-41.70000 1.22226 -20.85000
-20.85000 2.37635 41.70000
20.84999 -0.11542 41.70001
41.70000 0.00000 -20.84999
41.69999 0.00000 20.85001
20.85000 3.85168 0.00000
-0.00000 -2.75533 20.85001
-20.85000 -2.77008 0.00000
-0.00000 -11.17498 -20.85000
20.84999 -0.97887 20.85001
-20.85000 8.46550 20.85000
20.85000 -3.16508 -20.85000
-20.85000 -2.30278 -20.85000
-10.42500 -0.00600 -41.70000
-31.27500 0.00000 -41.70000
10.42500 -0.00600 -41.70000
31.27500 0.00000 -41.70000
-41.70000 2.49135 31.27500
-41.70000 1.29380 10.42500
-41.70000 1.22226 -31.27500
-41.70000 0.00000 -10.42500
-10.42500 0.62075 41.70000
-31.27500 2.49135 41.70000
10.42499 -0.67302 41.70001
31.27499 2.30417 41.70001
41.70000 0.00000 -31.27500
41.70000 0.00000 -10.42499
41.69999 2.30417 31.27501
41.70000 0.00000 10.42501
31.27500 0.43513 0.00001
10.42500 -8.70692 0.00000
-0.00000 -1.86265 31.27501
-0.00000 -6.80410 10.42500
-10.42500 -9.00729 0.00000
-31.27500 0.51852 -0.00000
0.00000 -4.60340 -31.27500
-0.00000 -14.54961 -10.42500
31.27500 2.26938 20.85001
20.84999 1.60728 31.27501
10.42500 -2.38232 20.85001
20.84999 -1.21557 10.42500
-10.42500 0.08177 20.85000
-20.85000 8.82933 31.27500
-31.27500 9.53336 20.85000
-20.85000 1.27130 10.42500
31.27500 -0.00600 -20.85000
20.85000 2.59236 -10.42500
10.42500 -8.53606 -20.85000
20.85000 -0.54284 -31.27500
-10.42500 -8.53606 -20.85000
-20.85000 -4.60340 -10.42500
-31.27500 10.30048 -20.85000
-20.85000 0.66787 -31.27500
31.27499 13.45168 31.27501
10.42500 -1.81515 31.27501
31.27500 -0.00127 10.42501
10.42500 -4.93875 10.42500
-10.42500 0.66226 31.27500
-31.27500 9.56820 31.27500
-10.42500 -3.73693 10.42500
-31.27500 2.49008 10.42500
31.27500 0.30334 -10.42500
10.42500 -11.12535 -10.42500
31.27500 0.00000 -31.27500
10.42500 -3.16508 -31.27500
-10.42500 -11.17498 -10.42500
-31.27500 -0.16333 -10.42500
-10.42500 -3.16508 -31.27500
-31.27500 10.30649 -31.27500
-5.21250 -0.10364 -41.70000
-15.63750 0.00000 -41.70000
-36.48750 0.00000 -41.70000
-26.06250 0.00000 -41.70000
5.21250 -0.10364 -41.70000
15.63750 0.00000 -41.70000
36.48750 0.00000 -41.70000
26.06250 0.00000 -41.70000
-41.70000 1.98510 36.48750
-41.70000 2.67729 26.06250
-41.70000 1.98510 15.63750
-41.70000 0.60018 5.21250
-41.70000 0.00000 -36.48750
-41.70000 2.54802 -26.06250
-41.70000 0.00000 -15.63750
-41.70000 0.00000 -5.21250
-5.21250 -0.29651 41.70000
-15.63750 1.60641 41.70000
-26.06250 2.67729 41.70000
-36.48750 1.98510 41.70000
5.21249 -0.89608 41.70001
15.63749 -0.37931 41.70001
26.06249 1.10528 41.70001
36.48749 1.10528 41.70001
41.70000 0.00000 -26.06250
41.70000 0.00000 -36.48750
41.70000 0.00000 -15.63750
41.70000 0.00000 -5.21249
41.69999 1.10528 26.06251
41.69999 1.10528 36.48751
41.70000 0.00000 15.63751
41.70000 0.00000 5.21251
26.06250 3.15314 0.00000
36.48750 0.00000 0.00001
15.63750 -1.64024 0.00000
5.21250 -11.07533 0.00000
-0.00000 -1.36528 36.48751
-0.00000 -2.30916 26.06251
-0.00000 -4.36418 15.63751
-0.00000 -9.39276 5.21250
-15.63750 -5.95906 0.00000
-5.21250 -11.07533 0.00000
-26.06250 -0.38206 0.00000
-36.48750 0.33011 -0.00000
0.00000 -1.78390 -36.48750
-0.00000 -7.95578 -26.06250
-0.00000 -13.59494 -15.63750
-0.00000 -13.72006 -5.21250
36.48750 1.10528 20.85001
26.06250 0.72090 20.85001
20.84999 0.72090 36.48751
20.84999 0.18095 26.06251
5.21250 -2.96430 20.85001
15.63750 -1.69175 20.85001
20.84999 -0.54458 5.21250
20.84999 -0.89608 15.63751
-5.21250 -1.60925 20.85001
-15.63750 2.53094 20.85000
-20.85000 4.01109 36.48750
-20.85000 11.41757 26.06250
-26.06250 12.00754 20.85000
-36.48750 4.41659 20.85000
-20.85000 -0.75557 5.21250
-20.85000 3.44203 15.63750
36.48750 0.00000 -20.84999
26.06250 -0.98134 -20.85000
20.85000 6.19405 -5.21250
20.85000 -2.43142 -15.63750
5.21250 -10.46235 -20.85000
15.63750 -5.89908 -20.85000
20.85000 -1.78389 -26.06250
20.85000 0.00000 -36.48750
-5.21250 -10.46235 -20.85000
-15.63750 -5.89908 -20.85000
-20.85000 -4.18835 -5.21250
-20.85000 -4.21408 -15.63750
-26.06250 5.88532 -20.85000
-36.48750 6.96900 -20.85000
-20.85000 0.58122 -26.06250
-20.85000 0.00000 -36.48750
36.48749 9.32012 31.27501
31.27499 9.32012 36.48751
26.06249 9.10598 31.27501
31.27500 9.29803 26.06251
15.63750 -1.25439 31.27501
10.42499 -1.25439 36.48751
5.21250 -2.19219 31.27501
10.42500 -2.22477 26.06251
36.48750 0.00000 10.42501
31.27500 -0.02203 15.63751
26.06250 -0.20865 10.42500
31.27500 0.00000 5.21251
15.63750 -3.02885 10.42500
10.42500 -3.20262 15.63751
5.21250 -6.35137 10.42500
10.42500 -7.03730 5.21250
-5.21250 -0.82301 31.27501
-10.42500 0.72644 36.48750
-15.63750 3.03673 31.27500
-10.42500 0.42823 26.06250
-26.06250 12.18840 31.27500
-31.27500 4.41659 36.48750
-36.48750 4.41659 31.27500
-31.27500 12.37832 26.06250
-5.21250 -5.85059 10.42500
-10.42500 -1.26405 15.63750
-15.63750 -1.08477 10.42500
-10.42500 -6.55908 5.21250
-26.06250 2.46930 10.42500
-31.27500 4.39333 15.63750
-36.48750 1.98510 10.42500
-31.27500 1.41802 5.21250
36.48750 0.00000 -10.42500
31.27500 1.05911 -5.21250
26.06250 2.66335 -10.42500
31.27500 -0.10365 -15.63750
15.63750 -4.05572 -10.42500
10.42500 -10.01892 -5.21250
5.21250 -13.59494 -10.42500
10.42500 -10.46235 -15.63750
36.48750 0.00000 -31.27500
31.27500 0.00000 -26.06250
26.06250 0.00000 -31.27500
31.27500 0.00000 -36.48750
15.63750 -1.78390 -31.27500
10.42500 -5.89907 -26.06250
5.21250 -4.21408 -31.27500
10.42500 -0.98134 -36.48750
-5.21250 -13.59494 -10.42500
-10.42500 -10.55528 -5.21250
-15.63750 -7.95578 -10.42500
-10.42500 -10.46235 -15.63750
-26.06250 -1.78390 -10.42500
-31.27500 -0.06879 -5.21250
-36.48750 0.00000 -10.42500
-31.27500 2.44375 -15.63750
-5.21250 -4.21408 -31.27500
-10.42500 -5.89907 -26.06250
-15.63750 -1.78390 -31.27500
-10.42500 -0.98134 -36.48750
-26.06250 6.96900 -31.27500
-31.27500 14.87672 -26.06250
-36.48750 6.96900 -31.27500
-31.27500 2.54802 -36.48750
36.48749 6.30204 36.48751
26.06249 6.23260 36.48751
36.48749 6.30204 26.06251
26.06250 5.96001 26.06251
15.63749 -0.81759 36.48751
5.21250 -1.57247 36.48751
15.63750 -1.57426 26.06251
5.21250 -2.65703 26.06251
36.48750 0.00000 15.63751
26.06250 -0.33150 15.63751
36.48750 0.00000 5.21251
26.06250 0.11001 5.21250
15.63750 -1.89879 15.63751
5.21250 -4.25372 15.63751
15.63750 -3.77455 5.21250
5.21250 -8.76658 5.21250
-5.21250 -0.51497 36.48750
-15.63750 2.05406 36.48750
-5.21250 -1.18566 26.06251
-15.63750 3.86231 26.06250
-26.06250 5.59279 36.48750
-36.48750 2.87259 36.48750
-26.06250 15.86121 26.06250
-36.48750 5.66650 26.06250
-5.21250 -3.24883 15.63750
-15.63750 0.95655 15.63750
-5.21250 -8.67615 5.21250
-15.63750 -3.63149 5.21250
-26.06250 5.30776 15.63750
-36.48750 2.87259 15.63750
-26.06250 1.15605 5.21250
-36.48750 1.06499 5.21250
36.48750 0.00000 -5.21249
26.06250 4.98235 -5.21250
36.48750 0.00000 -15.63750
26.06250 -0.88600 -15.63750
15.63750 -1.19901 -5.21250
5.21250 -12.85262 -5.21250
15.63750 -6.80348 -15.63750
5.21250 -12.73224 -15.63750
36.48750 0.00000 -26.06250
26.06250 -0.32452 -26.06250
36.48750 0.00000 -36.48750
26.06250 0.00000 -36.48750
15.63750 -3.84496 -26.06250
5.21250 -7.40327 -26.06250
15.63750 -0.32452 -36.48750
5.21250 -1.55906 -36.48750
-5.21250 -12.85262 -5.21250
-15.63750 -7.43902 -5.21250
-5.21250 -12.73224 -15.63750
-15.63750 -7.40328 -15.63750
-26.06250 -1.50532 -5.21250
-36.48750 0.00200 -5.21250
-26.06250 -0.43029 -15.63750
-36.48750 1.22226 -15.63750
-5.21250 -7.40327 -26.06250
-15.63750 -3.84496 -26.06250
-5.21250 -1.55906 -36.48750
-15.63750 -0.32452 -36.48750
-26.06250 9.96714 -26.06250
-36.48750 10.30649 -26.06250
-26.06250 1.22226 -36.48750
-36.48750 1.22226 -36.48750
-6.17476 40.77481 6.17476
-4.82196 41.13750 -4.82196
-0.00000 41.70000 0.00000
19.16059 31.69592 19.16059
-0.00000 39.99469 11.79975
-1.80585 41.52820 -3.30627
3.28336 41.40093 -3.74533
-0.00000 41.70000 0.00000
0.07636 38.65207 -15.64561
3.07084 41.54856 -1.76894
-0.64776 41.68982 0.64776
-14.21900 38.65844 -6.49419
-26.53544 27.95314 15.91668
8.63983 38.90787 12.26298
-14.30936 37.81087 10.21788
-0.00000 41.70000 0.00000
12.24008 37.93686 -12.24008
-13.56869 35.14854 17.86761
5.02049 40.71117 -7.49702
18.57010 35.57487 -11.33270
-0.00000 36.93785 19.34894
-12.08100 39.26166 -7.16741
23.54223 28.11985 -19.84654
-17.19694 37.74215 4.31164
27.36773 27.74316 14.83623
2.62924 40.96952 7.30867
-0.00000 39.21329 -14.18210
-2.62924 40.96952 7.30867
-0.00000 41.70000 0.00000
-14.21900 38.65844 6.49419
-5.35901 40.87661 -6.25875
-26.53544 27.95314 -15.91668
-2.42307 41.55874 2.41544
8.74164 40.76335 0.85775
-6.36947 38.71697 14.11465
-2.52361 41.37675 -4.51908
-0.10054 27.11703 31.67683
-0.00000 41.70000 0.00000
-0.00000 41.70000 0.00000
31.71501 27.07248 0.00000
-0.00000 41.70000 0.00000
10.25733 39.90179 6.43565
-25.15592 32.59948 -6.57564
5.18466 41.21895 -3.60279
1.82876 37.57034 -17.99996
17.46928 35.37125 -13.51015
2.74377 41.08532 -6.57691
-0.00000 36.14755 20.78955
-0.00000 41.69618 0.47851
-1.14790 34.75021 -23.02046
-25.25391 33.14035 -1.67350
-5.88588 41.10696 -3.79241
-10.53222 40.34084 -0.68213
15.79197 37.85287 -7.52629
23.27625 29.07305 18.75590
-19.86308 30.04787 -21.00844
14.05102 36.33208 -14.87695
-3.14465 41.57401 0.76357
-16.10630 31.70864 -21.76947
-15.85560 35.58505 14.87059
-7.07578 40.48083 7.07578
15.36564 35.58887 15.36564
21.56840 35.67668 0.85902
2.07056 28.82870 30.05678
23.84130 33.98155 -3.96040
-0.62995 41.69364 -0.18326
-3.68297 41.36657 -3.75169
-0.63758 41.69109 0.48487
-12.57350 37.67724 -12.69568
14.23682 39.19039 0.45051
-20.27032 29.98042 20.71447
15.58835 34.68022 -17.11931
-3.32154 39.99978 -11.30470
8.45403 40.12450 -7.57592
-25.79223 32.52567 -3.95658
-0.32325 41.69746 0.32325
-8.54311 37.10711 16.99586
19.40494 36.90731 0.30416
6.29948 40.65518 6.80089
8.54311 37.10711 16.99586
0.25325 29.50319 -29.46756
1.85930 40.27848 10.62894
1.96238 41.52820 3.22610
-4.91868 40.30012 -9.51412
4.91868 40.30012 -9.51412
-1.85930 40.27848 10.62894
-1.96238 41.52820 3.22610
-0.00000 41.70000 0.00000
-0.00000 41.70000 0.00000
-8.43748 40.23394 6.98797
-17.78107 37.71797 0.00000
-8.43748 40.23394 -6.98797
-3.63206 41.16168 -5.60208
-13.11182 37.34891 -13.11182
-33.00927 25.48044 0.00000
-13.11182 37.34891 13.11182
-0.44924 41.68727 -0.87684
7.04905 41.06623 -1.63277
9.71520 40.23648 5.04722
0.95956 38.01067 17.11931
-6.98797 40.23394 8.43748
-0.60959 41.41493 -4.82451
-5.01668 41.37803 -1.24462
-15.90905 29.49810 24.81104
15.13529 29.44465 25.35190
-0.00000 41.70000 0.00000
-0.00000 41.70000 0.00000
-0.00000 41.70000 0.00000
-0.00000 41.70000 0.00000
25.35190 29.44465 -15.13529
25.35190 29.44465 15.13529
2.19145 41.58419 -2.19145
-0.00000 41.70000 0.00000
10.17461 37.32727 15.55526
1.91402 41.64146 1.05246
-30.78218 27.42882 6.23966
-10.94709 37.71415 -14.02302
4.03421 41.33094 -3.77587
5.56518 41.19350 -3.30245
3.55698 38.90660 -14.57661
0.57904 37.60852 -18.00378
20.27032 34.28952 -12.33425
10.32605 37.52453 -14.96985
11.73994 38.87605 -9.46703
-1.55514 41.45948 -4.18056
-0.00000 38.64444 15.66725
-0.00000 35.52269 21.83946
-0.00000 39.86106 12.24262
-0.00000 40.45665 -10.10207
10.06771 36.41989 -17.63599
-13.04310 35.69450 -17.16512
-19.79945 35.81667 7.99461
-20.70047 34.61277 -10.59458
-1.95475 41.20495 -6.09459
-7.36975 40.95806 -2.63815
-12.98074 37.68870 12.24262
-8.16260 40.80662 -2.65342
10.88601 39.56963 -7.38375
23.61859 32.40731 -11.43451
13.62469 34.89402 18.31939
29.46374 29.49683 -0.81957
2.54906 31.36631 -27.35755
-20.20033 34.73112 -11.15962
15.98795 36.03683 -13.58269
16.41682 32.47985 -20.35559
-0.11454 41.69873 0.10308
-9.99644 40.44392 1.78803
-16.22848 38.20793 -3.95149
-18.56882 35.07219 -12.80385
-9.10561 36.41226 18.16668
-19.48639 35.60414 9.56375
-12.58496 38.61007 9.46958
-2.39635 41.53456 2.82140
9.10561 36.41226 18.16668
20.28941 33.90137 13.33580
20.29068 35.92357 -6.05386
23.95711 32.63384 9.99517
26.03657 24.04492 21.97054
-21.84074 27.91878 21.96164
29.84171 28.14531 7.49320
10.12625 40.14104 -5.00013
28.09694 30.81272 -0.01654
-0.24816 30.87762 28.02441
-29.05141 29.90789 -0.59813
-0.75721 30.69946 -28.21021
-10.55767 40.23521 -2.91558
-2.93976 41.36021 -4.41854
-0.28634 41.50020 -4.06221
-4.34346 41.40730 -2.32635
-0.02418 41.69873 0.02163
-1.22426 41.20240 -6.29693
-3.81150 41.50656 1.24462
2.97412 41.39966 4.00494
-14.83495 38.40136 -6.63545
-8.80654 39.69308 -9.25960
-6.55018 37.85032 -16.22593
-18.76099 35.89557 -9.91881
9.57775 40.50628 -2.51343
10.50804 40.34211 0.93283
22.99246 33.86956 7.93607
16.37992 38.28046 -2.25127
1.88857 31.83845 26.86123
-10.91910 34.81002 20.19524
-20.25123 34.70949 11.13162
-26.69833 32.03062 -0.19089
10.32351 36.02665 -18.28376
15.10984 36.46189 -13.45416
17.07477 34.73367 -15.51835
16.40028 34.36206 -17.00350
5.05994 38.85315 -14.27118
-10.18988 35.00346 -20.24105
-5.45191 40.60936 -7.74263
0.02673 40.87025 -8.27204
1.54878 41.65419 -1.15554
14.02557 39.26420 -0.67831
6.67745 36.71005 -18.61719
-0.18580 41.50275 -4.03930
-30.88144 25.28827 -12.06955
-27.39573 30.61037 -7.16232
-12.75422 39.70071 -0.01782
-21.19424 35.38525 6.12258
-0.00000 41.70000 0.00000
-1.62005 41.65673 0.98755
-2.82140 41.53456 2.39635
-0.00000 41.70000 0.00000
-9.46958 38.61007 12.58496
-12.04409 35.62323 18.02033
-4.98486 36.35499 19.80454
-4.70234 39.81398 11.46887
12.26680 39.85215 0.43142
18.76990 36.42880 -7.71082
21.91200 35.47815 0.12090
18.16668 36.41226 9.10561
17.52146 37.62888 3.99221
5.35138 41.24186 -3.04284
-1.98656 41.38057 4.74306
4.58526 33.25743 24.73213
4.98486 36.35499 19.80454
12.04409 35.62323 18.02033
13.47198 38.09975 10.28024
4.70234 39.81398 11.46887
23.50533 27.81442 -20.31359
1.11863 41.68091 0.49632
-21.90437 27.91496 -21.90437
-0.00000 33.79193 -24.43180
20.89391 29.42175 20.89391
-21.80001 29.27921 20.15578
20.84682 29.43192 -20.92699
-22.43123 28.40365 -20.71065
-7.61919 40.97970 -1.20772
-0.46069 41.43148 -4.69597
-9.16288 40.49865 -3.83950
-0.58541 41.58801 -2.99575
2.16982 41.41748 -4.32564
-6.07550 41.04206 -4.17293
0.43269 41.69491 0.43524
0.93665 40.22503 10.94964
-9.35632 40.30266 -5.18975
-4.29001 39.52000 -12.59259
-23.35261 34.46387 2.39889
-8.62965 37.37563 -16.35192
8.02134 40.87280 -1.96747
14.32845 38.37337 7.80881
10.44186 40.26321 -2.94230
27.12212 31.63992 -1.46097
1.25481 33.73848 24.47379
-11.34797 38.48663 11.34797
2.84558 41.59819 -0.58032
-24.97775 33.38978 -0.02545
10.82874 37.52580 -14.60715
18.37793 34.42569 -14.69242
9.90863 36.27863 -18.01396
18.59555 33.94973 -15.50690
3.21337 33.35542 -24.81740
-11.29197 38.50827 -11.33015
8.12315 39.39656 -10.98909
-3.19046 41.08660 -6.36565
2.83286 41.60328 -0.13108
14.62879 38.99823 -1.99165
0.08908 41.69873 -0.30797
-5.27756 39.70580 -11.59486
-33.73848 24.07419 -4.57889
-12.62059 38.61644 -9.39577
-26.29491 32.13498 -3.84077
-11.27161 38.55790 11.18380
-0.00509 41.70000 0.00509
-6.99306 40.86898 4.42872
-0.00000 41.70000 0.00000
-0.54086 41.69236 0.54086
-14.17573 36.56370 14.17573
-6.96124 35.47052 20.78828
-4.42872 40.86898 6.99306
-2.95121 38.95241 14.58934
11.53886 38.98932 -9.24560
21.49840 35.09637 -6.70035
11.22834 38.55790 11.22834
21.26042 35.06582 7.56065
14.62370 38.74243 -4.89323
-0.10690 41.67455 -1.44697
21.30369 30.86617 18.22776
-10.50549 35.66904 18.87171
6.96124 35.47052 20.78828
18.78772 34.60259 13.72904
2.95121 38.95241 14.58934
5.60844 40.90843 5.81843
31.64629 27.05467 2.32381
-29.59355 29.37848 0.00382
11.27416 35.70341 -18.35630
-10.83256 35.63596 -18.74826
512
104 3 110
104 110 225
36 104 225
36 225 162
225 110 39
225 39 161
162 225 161
162 161 65
103 36 162
103 162 226
14 103 226
14 226 131
226 162 65
226 65 163
131 226 163
131 163 50
161 39 109
161 109 227
65 161 227
65 227 164
227 109 16
227 16 129
164 227 129
164 129 49
163 65 164
163 164 228
50 163 228
50 228 132
228 164 49
228 49 130
132 228 130
132 130 21
102 14 131
102 131 229
35 102 229
35 229 166
229 131 50
229 50 165
166 229 165
166 165 66
101 35 166
101 166 230
6 101 230
6 230 117
230 166 66
230 66 167
117 230 167
117 167 43
165 50 132
165 132 231
66 165 231
66 231 168
231 132 21
231 21 134
168 231 134
168 134 51
167 66 168
167 168 232
43 167 232
43 232 118
232 168 51
232 51 133
118 232 133
118 133 18
129 16 111
129 111 233
49 129 233
49 233 170
233 111 40
233 40 169
170 233 169
170 169 67
130 49 170
130 170 234
21 130 234
21 234 136
234 170 67
234 67 171
136 234 171
136 171 52
169 40 112
169 112 235
67 169 235
67 235 172
235 112 7
235 7 114
172 235 114
172 114 41
171 67 172
171 172 236
52 171 236
52 236 135
236 172 41
236 41 113
135 236 113
135 113 17
134 21 136
134 136 237
51 134 237
51 237 174
237 136 52
237 52 173
174 237 173
174 173 68
133 51 174
133 174 238
18 133 238
18 238 119
238 174 68
238 68 175
119 238 175
119 175 44
173 52 135
173 135 239
68 173 239
68 239 176
239 135 17
239 17 115
176 239 115
176 115 42
175 68 176
175 176 240
44 175 240
44 240 120
240 176 42
240 42 116
120 240 116
120 116 8
97 6 117
97 117 241
33 97 241
33 241 178
241 117 43
241 43 177
178 241 177
178 177 69
98 33 178
98 178 242
13 98 242
13 242 139
242 178 69
242 69 179
139 242 179
139 179 54
177 43 118
177 118 243
69 177 243
69 243 180
243 118 18
243 18 137
180 243 137
180 137 53
179 69 180
179 180 244
54 179 244
54 244 140
244 180 53
244 53 138
140 244 138
140 138 22
99 13 139
99 139 245
34 99 245
34 245 182
245 139 54
245 54 181
182 245 181
182 181 70
100 34 182
100 182 246
0 100 246
0 246 89
246 182 70
246 70 183
89 246 183
89 183 29
181 54 140
181 140 247
70 181 247
70 247 184
247 140 22
247 22 141
184 247 141
184 141 55
183 70 184
183 184 248
29 183 248
29 248 90
248 184 55
248 55 142
90 248 142
90 142 11
137 18 119
137 119 249
53 137 249
53 249 186
249 119 44
249 44 185
186 249 185
186 185 71
138 53 186
138 186 250
22 138 250
22 250 144
250 186 71
250 71 187
144 250 187
144 187 56
185 44 120
185 120 251
71 185 251
71 251 188
251 120 8
251 8 122
188 251 122
188 122 45
187 71 188
187 188 252
56 187 252
56 252 143
252 188 45
252 45 121
143 252 121
143 121 19
141 22 144
141 144 253
55 141 253
55 253 190
253 144 56
253 56 189
190 253 189
190 189 72
142 55 190
142 190 254
11 142 254
11 254 91
254 190 72
254 72 191
91 254 191
91 191 30
189 56 143
189 143 255
72 189 255
72 255 192
255 143 19
255 19 123
192 255 123
192 123 46
191 72 192
191 192 256
30 191 256
30 256 92
256 192 46
256 46 124
92 256 124
92 124 5
114 7 108
114 108 257
41 114 257
41 257 194
257 108 38
257 38 193
194 257 193
194 193 73
113 41 194
113 194 258
17 113 258
17 258 147
258 194 73
258 73 195
147 258 195
147 195 58
193 38 107
193 107 259
73 193 259
73 259 196
259 107 15
259 15 145
196 259 145
196 145 57
195 73 196
195 196 260
58 195 260
58 260 148
260 196 57
260 57 146
148 260 146
148 146 23
115 17 147
115 147 261
42 115 261
42 261 198
261 147 58
261 58 197
198 261 197
198 197 74
116 42 198
116 198 262
8 116 262
8 262 128
262 198 74
262 74 199
128 262 199
128 199 48
197 58 148
197 148 263
74 197 263
74 263 200
263 148 23
263 23 150
200 263 150
200 150 59
199 74 200
199 200 264
48 199 264
48 264 127
264 200 59
264 59 149
127 264 149
127 149 20
145 15 105
145 105 265
57 145 265
57 265 202
265 105 37
265 37 201
202 265 201
202 201 75
146 57 202
146 202 266
23 146 266
23 266 151
266 202 75
266 75 203
151 266 203
151 203 60
201 37 106
201 106 267
75 201 267
75 267 204
267 106 2
267 2 87
204 267 87
204 87 28
203 75 204
203 204 268
60 203 268
60 268 152
268 204 28
268 28 88
152 268 88
152 88 10
150 23 151
150 151 269
59 150 269
59 269 206
269 151 60
269 60 205
206 269 205
206 205 76
149 59 206
149 206 270
20 149 270
20 270 126
270 206 76
270 76 207
126 270 207
126 207 47
205 60 152
205 152 271
76 205 271
76 271 208
271 152 10
271 10 86
208 271 86
208 86 27
207 76 208
207 208 272
47 207 272
47 272 125
272 208 27
272 27 85
125 272 85
125 85 4
122 8 128
122 128 273
45 122 273
45 273 210
273 128 48
273 48 209
210 273 209
210 209 77
121 45 210
121 210 274
19 121 274
19 274 155
274 210 77
274 77 211
155 274 211
155 211 62
209 48 127
209 127 275
77 209 275
77 275 212
275 127 20
275 20 153
212 275 153
212 153 61
211 77 212
211 212 276
62 211 276
62 276 156
276 212 61
276 61 154
156 276 154
156 154 24
123 19 155
123 155 277
46 123 277
46 277 214
277 155 62
277 62 213
214 277 213
214 213 78
124 46 214
124 214 278
5 124 278
5 278 96
278 214 78
278 78 215
96 278 215
96 215 32
213 62 156
213 156 279
78 213 279
78 279 216
279 156 24
279 24 157
216 279 157
216 157 63
215 78 216
215 216 280
32 215 280
32 280 95
280 216 63
280 63 158
95 280 158
95 158 12
153 20 126
153 126 281
61 153 281
61 281 218
281 126 47
281 47 217
218 281 217
218 217 79
154 61 218
154 218 282
24 154 282
24 282 159
282 218 79
282 79 219
159 282 219
159 219 64
217 47 125
217 125 283
79 217 283
79 283 220
283 125 4
283 4 81
220 283 81
220 81 25
219 79 220
219 220 284
64 219 284
64 284 160
284 220 25
284 25 82
160 284 82
160 82 9
157 24 159
157 159 285
63 157 285
63 285 222
285 159 64
285 64 221
222 285 221
222 221 80
158 63 222
158 222 286
12 158 286
12 286 94
286 222 80
286 80 223
94 286 223
94 223 31
221 64 160
221 160 287
80 221 287
80 287 224
287 160 9
287 9 84
224 287 84
224 84 26
223 80 224
223 224 288
31 223 288
31 288 93
288 224 26
288 26 83
93 288 83
93 83 1
